  2.5126700e-001 -2.2334800e-001 -9.4179600e-001 -4.8856400e-001  5.3432000e-002  9.7473000e-001 -2.1690300e-001 -9.8476000e-002  9.6644200e-001  4.1790000e-003  2.5685100e-001  6.3070400e-001
  2.5126900e-001 -2.2334800e-001 -9.4179600e-001 -4.8856400e-001  5.3432000e-002  9.7473000e-001 -2.1690300e-001 -9.8476000e-002  9.6644200e-001  4.1790000e-003  2.5685300e-001  6.3070500e-001
  2.5137100e-001 -2.2338500e-001 -9.4176000e-001 -4.8854600e-001  5.3091000e-002  9.7472000e-001 -2.1703200e-001 -9.8525000e-002  9.6643400e-001  4.5560000e-003  2.5687600e-001  6.3071700e-001
  2.5234500e-001 -2.2306200e-001 -9.4157600e-001 -4.8850100e-001  4.9141000e-002  9.7476600e-001 -2.1775500e-001 -9.8659000e-002  9.6638900e-001  8.6790000e-003  2.5693900e-001  6.3074200e-001
  2.5412900e-001 -2.2250200e-001 -9.4122900e-001 -4.8843400e-001  4.1802000e-002  9.7479500e-001 -2.1915100e-001 -9.8880000e-002  9.6626700e-001  1.6348000e-002  2.5702500e-001  6.3077400e-001
  2.5613400e-001 -2.2217000e-001 -9.4076400e-001 -4.8833900e-001  3.3555000e-002  9.7468600e-001 -2.2104500e-001 -9.9247000e-002  9.6605900e-001  2.5050000e-002  2.5710500e-001  6.3080200e-001
  2.5777100e-001 -2.2204700e-001 -9.4034500e-001 -4.8824000e-001  2.6869000e-002  9.7450600e-001 -2.2274800e-001 -9.9654000e-002  9.6583200e-001  3.2152000e-002  2.5716600e-001  6.3082400e-001
  2.5893700e-001 -2.2215000e-001 -9.4000000e-001 -4.8813200e-001  2.2203000e-002  9.7430400e-001 -2.2414100e-001 -1.0010400e-001  9.6563900e-001  3.7167000e-002  2.5721600e-001  6.3084500e-001
  2.5957700e-001 -2.2243800e-001 -9.3975600e-001 -4.8802900e-001  1.9601000e-002  9.7412500e-001 -2.2515900e-001 -1.0060000e-001  9.6552300e-001  4.0026000e-002  2.5722100e-001  6.3084700e-001
  2.5993300e-001 -2.2287800e-001 -9.3955300e-001 -4.8793700e-001  1.8229000e-002  9.7395800e-001 -2.2599600e-001 -1.0103400e-001  9.6545400e-001  4.1617000e-002  2.5722700e-001  6.3085000e-001
  2.6012600e-001 -2.2351300e-001 -9.3934900e-001 -4.8784400e-001  1.7587000e-002  9.7377500e-001 -2.2683400e-001 -1.0146900e-001  9.6541500e-001  4.2485000e-002  2.5723500e-001  6.3085400e-001
  2.6018200e-001 -2.2412400e-001 -9.3918800e-001 -4.8777200e-001  1.7483000e-002  9.7362200e-001 -2.2749800e-001 -1.0181200e-001  9.6540100e-001  4.2771000e-002  2.5723800e-001  6.3085500e-001
  2.6019500e-001 -2.2461300e-001 -9.3906700e-001 -4.8771500e-001  1.7600000e-002  9.7350800e-001 -2.2797500e-001 -1.0205700e-001  9.6539600e-001  4.2790000e-002  2.5725500e-001  6.3086400e-001
  2.6020300e-001 -2.2500700e-001 -9.3897100e-001 -4.8766800e-001  1.7713000e-002  9.7341700e-001 -2.2835300e-001 -1.0225100e-001  9.6539100e-001  4.2786000e-002  2.5727200e-001  6.3087300e-001
  2.6021100e-001 -2.2521500e-001 -9.3891900e-001 -4.8764400e-001  1.7757000e-002  9.7336900e-001 -2.2855700e-001 -1.0235600e-001  9.6538800e-001  4.2800000e-002  2.5728000e-001  6.3087700e-001
  2.6023000e-001 -2.2537300e-001 -9.3887600e-001 -4.8762000e-001  1.7786000e-002  9.7333100e-001 -2.2871400e-001 -1.0243700e-001  9.6538300e-001  4.2820000e-002  2.5729900e-001  6.3088700e-001
  2.6023100e-001 -2.2543200e-001 -9.3886100e-001 -4.8761400e-001  1.7799000e-002  9.7331700e-001 -2.2877200e-001 -1.0246700e-001  9.6538200e-001  4.2823000e-002  2.5730000e-001  6.3088700e-001
  2.6023400e-001 -2.2543900e-001 -9.3885800e-001 -4.8761200e-001  1.7798000e-002  9.7331500e-001 -2.2878000e-001 -1.0247000e-001  9.6538200e-001  4.2827000e-002  2.5730200e-001  6.3088800e-001
  2.6023500e-001 -2.2544400e-001 -9.3885700e-001 -4.8761200e-001  1.7798000e-002  9.7331400e-001 -2.2878400e-001 -1.0247200e-001  9.6538100e-001  4.2828000e-002  2.5730200e-001  6.3088800e-001
  2.6023500e-001 -2.2544700e-001 -9.3885600e-001 -4.8761100e-001  1.7796000e-002  9.7331300e-001 -2.2878900e-001 -1.0247400e-001  9.6538100e-001  4.2832000e-002  2.5730300e-001  6.3088800e-001
  2.6024200e-001 -2.2547100e-001 -9.3884900e-001 -4.8760700e-001  1.7801000e-002  9.7330800e-001 -2.2881300e-001 -1.0248600e-001  9.6537900e-001  4.2834000e-002  2.5730900e-001  6.3089200e-001
  2.6024800e-001 -2.2549500e-001 -9.3884100e-001 -4.8760200e-001  1.7804000e-002  9.7330200e-001 -2.2883600e-001 -1.0249800e-001  9.6537800e-001  4.2839000e-002  2.5731500e-001  6.3089500e-001
  2.6025000e-001 -2.2550000e-001 -9.3884000e-001 -4.8760100e-001  1.7806000e-002  9.7330100e-001 -2.2884100e-001 -1.0250000e-001  9.6537700e-001  4.2839000e-002  2.5731600e-001  6.3089600e-001
  2.6025000e-001 -2.2551200e-001 -9.3883700e-001 -4.8760000e-001  1.7808000e-002  9.7329800e-001 -2.2885300e-001 -1.0250600e-001  9.6537700e-001  4.2840000e-002  2.5731700e-001  6.3089600e-001
  2.6025100e-001 -2.2551700e-001 -9.3883500e-001 -4.8759900e-001  1.7807000e-002  9.7329700e-001 -2.2885800e-001 -1.0250900e-001  9.6537700e-001  4.2843000e-002  2.5731700e-001  6.3089600e-001
  2.6025100e-001 -2.2552300e-001 -9.3883400e-001 -4.8759900e-001  1.7809000e-002  9.7329500e-001 -2.2886400e-001 -1.0251100e-001  9.6537700e-001  4.2842000e-002  2.5731700e-001  6.3089600e-001
  2.6025100e-001 -2.2553200e-001 -9.3883200e-001 -4.8759800e-001  1.7810000e-002  9.7329300e-001 -2.2887300e-001 -1.0251600e-001  9.6537700e-001  4.2844000e-002  2.5731700e-001  6.3089600e-001
  2.6025300e-001 -2.2553500e-001 -9.3883000e-001 -4.8759700e-001  1.7810000e-002  9.7329200e-001 -2.2887700e-001 -1.0251700e-001  9.6537600e-001  4.2845000e-002  2.5731900e-001  6.3089700e-001
  2.6025300e-001 -2.2553700e-001 -9.3883000e-001 -4.8759600e-001  1.7809000e-002  9.7329200e-001 -2.2887900e-001 -1.0251900e-001  9.6537600e-001  4.2847000e-002  2.5731900e-001  6.3089700e-001
  2.6025300e-001 -2.2554100e-001 -9.3882900e-001 -4.8759600e-001  1.7811000e-002  9.7329100e-001 -2.2888300e-001 -1.0252000e-001  9.6537600e-001  4.2846000e-002  2.5731900e-001  6.3089700e-001
  2.6025400e-001 -2.2554700e-001 -9.3882700e-001 -4.8759500e-001  1.7811000e-002  9.7329000e-001 -2.2888800e-001 -1.0252300e-001  9.6537600e-001  4.2847000e-002  2.5731900e-001  6.3089700e-001
  2.6025300e-001 -2.2555000e-001 -9.3882700e-001 -4.8759500e-001  1.7812000e-002  9.7328900e-001 -2.2889200e-001 -1.0252500e-001  9.6537600e-001  4.2847000e-002  2.5731900e-001  6.3089700e-001
  2.6025500e-001 -2.2555300e-001 -9.3882600e-001 -4.8759400e-001  1.7813000e-002  9.7328800e-001 -2.2889400e-001 -1.0252600e-001  9.6537600e-001  4.2847000e-002  2.5732100e-001  6.3089800e-001
  2.6025600e-001 -2.2555600e-001 -9.3882400e-001 -4.8759400e-001  1.7811000e-002  9.7328700e-001 -2.2889900e-001 -1.0252800e-001  9.6537500e-001  4.2851000e-002  2.5732100e-001  6.3089800e-001
  2.6025700e-001 -2.2555900e-001 -9.3882400e-001 -4.8759300e-001  1.7812000e-002  9.7328700e-001 -2.2890100e-001 -1.0252900e-001  9.6537500e-001  4.2851000e-002  2.5732200e-001  6.3089800e-001
  2.6025700e-001 -2.2556100e-001 -9.3882300e-001 -4.8759300e-001  1.7813000e-002  9.7328600e-001 -2.2890300e-001 -1.0253000e-001  9.6537500e-001  4.2851000e-002  2.5732200e-001  6.3089800e-001
  2.6025700e-001 -2.2556600e-001 -9.3882200e-001 -4.8759200e-001  1.7815000e-002  9.7328500e-001 -2.2890800e-001 -1.0253300e-001  9.6537500e-001  4.2850000e-002  2.5732200e-001  6.3089900e-001
  2.6025700e-001 -2.2556900e-001 -9.3882100e-001 -4.8759200e-001  1.7814000e-002  9.7328400e-001 -2.2891200e-001 -1.0253400e-001  9.6537500e-001  4.2852000e-002  2.5732300e-001  6.3089900e-001
  2.6025800e-001 -2.2557200e-001 -9.3882000e-001 -4.8759200e-001  1.7813000e-002  9.7328300e-001 -2.2891500e-001 -1.0253600e-001  9.6537500e-001  4.2853000e-002  2.5732300e-001  6.3089900e-001
  2.6025800e-001 -2.2557400e-001 -9.3882000e-001 -4.8759100e-001  1.7814000e-002  9.7328300e-001 -2.2891600e-001 -1.0253600e-001  9.6537500e-001  4.2853000e-002  2.5732300e-001  6.3089900e-001
  2.6025900e-001 -2.2557600e-001 -9.3881900e-001 -4.8759100e-001  1.7813000e-002  9.7328300e-001 -2.2891800e-001 -1.0253800e-001  9.6537400e-001  4.2855000e-002  2.5732400e-001  6.3089900e-001
  2.6025900e-001 -2.2557900e-001 -9.3881800e-001 -4.8759000e-001  1.7814000e-002  9.7328200e-001 -2.2892200e-001 -1.0253900e-001  9.6537400e-001  4.2855000e-002  2.5732400e-001  6.3089900e-001
  2.6025900e-001 -2.2558100e-001 -9.3881800e-001 -4.8759000e-001  1.7815000e-002  9.7328200e-001 -2.2892300e-001 -1.0254000e-001  9.6537400e-001  4.2855000e-002  2.5732400e-001  6.3089900e-001
  2.6025900e-001 -2.2558300e-001 -9.3881700e-001 -4.8759000e-001  1.7816000e-002  9.7328100e-001 -2.2892500e-001 -1.0254100e-001  9.6537400e-001  4.2854000e-002  2.5732400e-001  6.3089900e-001
  2.6025900e-001 -2.2558400e-001 -9.3881700e-001 -4.8759000e-001  1.7816000e-002  9.7328100e-001 -2.2892600e-001 -1.0254200e-001  9.6537400e-001  4.2854000e-002  2.5732400e-001  6.3089900e-001
  2.6026200e-001 -2.2558600e-001 -9.3881500e-001 -4.8759000e-001  1.7818000e-002  9.7328000e-001 -2.2892800e-001 -1.0254300e-001  9.6537400e-001  4.2854000e-002  2.5732700e-001  6.3090100e-001
  2.6026200e-001 -2.2558900e-001 -9.3881500e-001 -4.8759000e-001  1.7817000e-002  9.7327900e-001 -2.2893200e-001 -1.0254400e-001  9.6537400e-001  4.2856000e-002  2.5732700e-001  6.3090100e-001
  2.6026300e-001 -2.2559000e-001 -9.3881400e-001 -4.8758900e-001  1.7816000e-002  9.7327900e-001 -2.2893300e-001 -1.0254500e-001  9.6537300e-001  4.2857000e-002  2.5732700e-001  6.3090100e-001
  2.6026300e-001 -2.2559100e-001 -9.3881400e-001 -4.8758900e-001  1.7816000e-002  9.7327900e-001 -2.2893400e-001 -1.0254500e-001  9.6537300e-001  4.2857000e-002  2.5732700e-001  6.3090100e-001
  2.6026300e-001 -2.2559400e-001 -9.3881300e-001 -4.8758900e-001  1.7817000e-002  9.7327800e-001 -2.2893600e-001 -1.0254600e-001  9.6537300e-001  4.2857000e-002  2.5732700e-001  6.3090100e-001
  2.6026300e-001 -2.2559600e-001 -9.3881300e-001 -4.8758800e-001  1.7817000e-002  9.7327800e-001 -2.2893900e-001 -1.0254800e-001  9.6537300e-001  4.2857000e-002  2.5732700e-001  6.3090100e-001
  2.6026400e-001 -2.2559800e-001 -9.3881200e-001 -4.8758800e-001  1.7818000e-002  9.7327700e-001 -2.2894000e-001 -1.0254800e-001  9.6537300e-001  4.2858000e-002  2.5732800e-001  6.3090200e-001
  2.6026700e-001 -2.2559800e-001 -9.3881100e-001 -4.8758700e-001  1.7816000e-002  9.7327700e-001 -2.2894100e-001 -1.0254900e-001  9.6537200e-001  4.2860000e-002  2.5733100e-001  6.3090300e-001
  2.6026700e-001 -2.2560000e-001 -9.3881100e-001 -4.8758700e-001  1.7816000e-002  9.7327700e-001 -2.2894300e-001 -1.0254900e-001  9.6537200e-001  4.2860000e-002  2.5733100e-001  6.3090300e-001
  2.6026800e-001 -2.2560100e-001 -9.3881000e-001 -4.8758600e-001  1.7817000e-002  9.7327700e-001 -2.2894400e-001 -1.0255000e-001  9.6537200e-001  4.2860000e-002  2.5733200e-001  6.3090300e-001
  2.6026800e-001 -2.2560300e-001 -9.3881000e-001 -4.8758600e-001  1.7818000e-002  9.7327600e-001 -2.2894600e-001 -1.0255100e-001  9.6537200e-001  4.2860000e-002  2.5733200e-001  6.3090400e-001
  2.6026800e-001 -2.2560400e-001 -9.3880900e-001 -4.8758600e-001  1.7816000e-002  9.7327600e-001 -2.2894700e-001 -1.0255200e-001  9.6537200e-001  4.2862000e-002  2.5733200e-001  6.3090400e-001
  2.6026800e-001 -2.2560400e-001 -9.3880900e-001 -4.8758600e-001  1.7816000e-002  9.7327600e-001 -2.2894700e-001 -1.0255200e-001  9.6537200e-001  4.2862000e-002  2.5733200e-001  6.3090400e-001
  2.6026900e-001 -2.2560600e-001 -9.3880900e-001 -4.8758500e-001  1.7815000e-002  9.7327500e-001 -2.2894900e-001 -1.0255200e-001  9.6537200e-001  4.2863000e-002  2.5733200e-001  6.3090400e-001
  2.6026800e-001 -2.2560600e-001 -9.3880900e-001 -4.8758500e-001  1.7817000e-002  9.7327500e-001 -2.2895000e-001 -1.0255300e-001  9.6537200e-001  4.2861000e-002  2.5733200e-001  6.3090400e-001
  2.6026900e-001 -2.2560900e-001 -9.3880800e-001 -4.8758500e-001  1.7815000e-002  9.7327400e-001 -2.2895300e-001 -1.0255400e-001  9.6537200e-001  4.2865000e-002  2.5733200e-001  6.3090400e-001
  2.6026900e-001 -2.2561000e-001 -9.3880800e-001 -4.8758500e-001  1.7815000e-002  9.7327400e-001 -2.2895400e-001 -1.0255500e-001  9.6537200e-001  4.2865000e-002  2.5733300e-001  6.3090400e-001
  2.6026900e-001 -2.2561000e-001 -9.3880800e-001 -4.8758500e-001  1.7815000e-002  9.7327400e-001 -2.2895400e-001 -1.0255500e-001  9.6537200e-001  4.2865000e-002  2.5733300e-001  6.3090400e-001
  2.6026900e-001 -2.2561100e-001 -9.3880700e-001 -4.8758500e-001  1.7816000e-002  9.7327400e-001 -2.2895500e-001 -1.0255500e-001  9.6537200e-001  4.2864000e-002  2.5733300e-001  6.3090400e-001
  2.6026900e-001 -2.2561300e-001 -9.3880700e-001 -4.8758500e-001  1.7816000e-002  9.7327400e-001 -2.2895600e-001 -1.0255600e-001  9.6537200e-001  4.2864000e-002  2.5733300e-001  6.3090400e-001
  2.6026900e-001 -2.2561300e-001 -9.3880700e-001 -4.8758500e-001  1.7816000e-002  9.7327400e-001 -2.2895600e-001 -1.0255600e-001  9.6537200e-001  4.2864000e-002  2.5733300e-001  6.3090400e-001
  2.6026900e-001 -2.2561300e-001 -9.3880700e-001 -4.8758500e-001  1.7816000e-002  9.7327400e-001 -2.2895600e-001 -1.0255600e-001  9.6537200e-001  4.2864000e-002  2.5733300e-001  6.3090400e-001
  2.6027000e-001 -2.2561200e-001 -9.3880700e-001 -4.8758500e-001  1.7815000e-002  9.7327400e-001 -2.2895600e-001 -1.0255600e-001  9.6537200e-001  4.2866000e-002  2.5733300e-001  6.3090400e-001
  2.6027000e-001 -2.2561100e-001 -9.3880700e-001 -4.8758500e-001  1.7814000e-002  9.7327400e-001 -2.2895500e-001 -1.0255500e-001  9.6537200e-001  4.2866000e-002  2.5733300e-001  6.3090400e-001
  2.6027100e-001 -2.2561300e-001 -9.3880700e-001 -4.8758400e-001  1.7815000e-002  9.7327300e-001 -2.2895700e-001 -1.0255700e-001  9.6537100e-001  4.2866000e-002  2.5733400e-001  6.3090400e-001
  2.6027100e-001 -2.2561500e-001 -9.3880600e-001 -4.8758400e-001  1.7815000e-002  9.7327300e-001 -2.2895900e-001 -1.0255700e-001  9.6537100e-001  4.2866000e-002  2.5733400e-001  6.3090400e-001
  2.6027100e-001 -2.2561500e-001 -9.3880600e-001 -4.8758400e-001  1.7815000e-002  9.7327300e-001 -2.2895900e-001 -1.0255700e-001  9.6537100e-001  4.2866000e-002  2.5733400e-001  6.3090400e-001
  2.6027100e-001 -2.2561300e-001 -9.3880700e-001 -4.8758400e-001  1.7815000e-002  9.7327300e-001 -2.2895700e-001 -1.0255600e-001  9.6537100e-001  4.2866000e-002  2.5733400e-001  6.3090400e-001
  2.6027200e-001 -2.2561500e-001 -9.3880600e-001 -4.8758400e-001  1.7815000e-002  9.7327300e-001 -2.2895900e-001 -1.0255700e-001  9.6537100e-001  4.2866000e-002  2.5733500e-001  6.3090500e-001
  2.6027300e-001 -2.2561300e-001 -9.3880600e-001 -4.8758300e-001  1.7815000e-002  9.7327300e-001 -2.2895800e-001 -1.0255700e-001  9.6537100e-001  4.2867000e-002  2.5733600e-001  6.3090600e-001
  2.6027400e-001 -2.2561200e-001 -9.3880600e-001 -4.8758300e-001  1.7813000e-002  9.7327400e-001 -2.2895600e-001 -1.0255600e-001  9.6537100e-001  4.2869000e-002  2.5733600e-001  6.3090600e-001
  2.6027400e-001 -2.2560800e-001 -9.3880700e-001 -4.8758400e-001  1.7812000e-002  9.7327500e-001 -2.2895300e-001 -1.0255400e-001  9.6537100e-001  4.2869000e-002  2.5733600e-001  6.3090600e-001
  2.6027400e-001 -2.2560600e-001 -9.3880700e-001 -4.8758400e-001  1.7810000e-002  9.7327500e-001 -2.2895100e-001 -1.0255300e-001  9.6537100e-001  4.2870000e-002  2.5733600e-001  6.3090600e-001
  2.6027400e-001 -2.2560300e-001 -9.3880800e-001 -4.8758400e-001  1.7807000e-002  9.7327500e-001 -2.2894900e-001 -1.0255200e-001  9.6537000e-001  4.2872000e-002  2.5733600e-001  6.3090600e-001
  2.6027400e-001 -2.2560000e-001 -9.3880900e-001 -4.8758500e-001  1.7805000e-002  9.7327600e-001 -2.2894700e-001 -1.0255100e-001  9.6537100e-001  4.2873000e-002  2.5733500e-001  6.3090500e-001
  2.6027500e-001 -2.2559700e-001 -9.3880900e-001 -4.8758500e-001  1.7803000e-002  9.7327700e-001 -2.2894400e-001 -1.0255000e-001  9.6537000e-001  4.2875000e-002  2.5733600e-001  6.3090600e-001
  2.6027500e-001 -2.2559200e-001 -9.3881100e-001 -4.8758600e-001  1.7798000e-002  9.7327800e-001 -2.2894000e-001 -1.0254700e-001  9.6537000e-001  4.2878000e-002  2.5733500e-001  6.3090500e-001
  2.6027400e-001 -2.2558300e-001 -9.3881300e-001 -4.8758600e-001  1.7792000e-002  9.7328000e-001 -2.2893300e-001 -1.0254400e-001  9.6537100e-001  4.2882000e-002  2.5733300e-001  6.3090400e-001
  2.6027700e-001 -2.2556800e-001 -9.3881600e-001 -4.8758800e-001  1.7783000e-002  9.7328300e-001 -2.2891900e-001 -1.0253700e-001  9.6537000e-001  4.2887000e-002  2.5733500e-001  6.3090500e-001
  2.6027600e-001 -2.2551900e-001 -9.3882800e-001 -4.8759400e-001  1.7764000e-002  9.7329400e-001 -2.2887300e-001 -1.0251300e-001  9.6537100e-001  4.2893000e-002  2.5733100e-001  6.3090400e-001
  2.6027600e-001 -2.2539100e-001 -9.3885900e-001 -4.8760700e-001  1.7725000e-002  9.7332400e-001 -2.2875100e-001 -1.0245100e-001  9.6537200e-001  4.2897000e-002  2.5732700e-001  6.3090200e-001
  2.6027600e-001 -2.2514100e-001 -9.3891800e-001 -4.8763500e-001  1.7650000e-002  9.7338100e-001 -2.2851200e-001 -1.0232800e-001  9.6537300e-001  4.2905000e-002  2.5732200e-001  6.3089900e-001
  2.6027600e-001 -2.2468300e-001 -9.3902800e-001 -4.8768500e-001  1.7511000e-002  9.7348600e-001 -2.2807400e-001 -1.0210400e-001  9.6537500e-001  4.2919000e-002  2.5731000e-001  6.3089400e-001
  2.6027600e-001 -2.2400100e-001 -9.3919100e-001 -4.8775900e-001  1.7293000e-002  9.7364200e-001 -2.2742600e-001 -1.0177400e-001  9.6537900e-001  4.2952000e-002  2.5728900e-001  6.3088500e-001
  2.6026800e-001 -2.2304000e-001 -9.3942200e-001 -4.8786600e-001  1.6982000e-002  9.7386000e-001 -2.2651200e-001 -1.0131000e-001  9.6538700e-001  4.3001000e-002  2.5725300e-001  6.3086700e-001
  2.6024500e-001 -2.2172700e-001 -9.3973900e-001 -4.8801600e-001  1.6561000e-002  9.7415700e-001 -2.2526200e-001 -1.0067400e-001  9.6540100e-001  4.3060000e-002  2.5719100e-001  6.3083800e-001
  2.6017600e-001 -2.2010200e-001 -9.4014000e-001 -4.8821300e-001  1.6044000e-002  9.7452300e-001 -2.2371200e-001 -9.9884000e-002  9.6542800e-001  4.3120000e-002  2.5707900e-001  6.3078300e-001
  2.6002700e-001 -2.1815000e-001 -9.4063600e-001 -4.8846900e-001  1.5429000e-002  9.7496000e-001 -2.2184500e-001 -9.8933000e-002  9.6547800e-001  4.3172000e-002  2.5688200e-001  6.3068500e-001
  2.5978400e-001 -2.1588700e-001 -9.4122500e-001 -4.8878600e-001  1.4731000e-002  9.7546200e-001 -2.1967400e-001 -9.7822000e-002  9.6555400e-001  4.3203000e-002  2.5659000e-001  6.3053700e-001
  2.5939500e-001 -2.1332600e-001 -9.4191600e-001 -4.8918000e-001  1.3950000e-002  9.7602500e-001 -2.1721000e-001 -9.6560000e-002  9.6567100e-001  4.3203000e-002  2.5615200e-001  6.3031500e-001
  2.5880300e-001 -2.1046800e-001 -9.4272200e-001 -4.8966900e-001  1.3114000e-002  9.7664900e-001 -2.1444200e-001 -9.5136000e-002  9.6584100e-001  4.3135000e-002  2.5552000e-001  6.2999100e-001
  2.5807200e-001 -2.0736600e-001 -9.4360900e-001 -4.9022100e-001  1.2223000e-002  9.7731700e-001 -2.1143000e-001 -9.3584000e-002  9.6604800e-001  4.3030000e-002  2.5475300e-001  6.2959900e-001
  2.5710400e-001 -2.0398900e-001 -9.4460900e-001 -4.9086900e-001  1.1271000e-002  9.7803400e-001 -2.0813900e-001 -9.1882000e-002  9.6631800e-001  4.2867000e-002  2.5375600e-001  6.2909100e-001
  2.5594600e-001 -2.0047200e-001 -9.4567600e-001 -4.9158600e-001  1.0316000e-002  9.7877100e-001 -2.0469600e-001 -9.0096000e-002  9.6663600e-001  4.2636000e-002  2.5258000e-001  6.2848900e-001
  2.5455400e-001 -1.9674900e-001 -9.4683300e-001 -4.9239100e-001  9.3290000e-003  9.7953900e-001 -2.0103700e-001 -8.8192000e-002  9.6701400e-001  4.2341000e-002  2.5118100e-001  6.2777000e-001
  2.5300300e-001 -1.9287400e-001 -9.4804500e-001 -4.9325400e-001  8.3330000e-003  9.8032400e-001 -1.9721700e-001 -8.6201000e-002  9.6743000e-001  4.1997000e-002  2.4963300e-001  6.2697400e-001
  2.5114200e-001 -1.8883400e-001 -9.4935200e-001 -4.9422200e-001  7.3370000e-003  9.8112900e-001 -1.9321300e-001 -8.4104000e-002  9.6792200e-001  4.1558000e-002  2.4778900e-001  6.2602300e-001
  2.4915100e-001 -1.8467700e-001 -9.5069300e-001 -4.9522400e-001  6.3300000e-003  9.8194000e-001 -1.8908800e-001 -8.1941000e-002  9.6844400e-001  4.1093000e-002  2.4582100e-001  6.2501200e-001
  2.4681600e-001 -1.8030200e-001 -9.5214100e-001 -4.9632300e-001  5.2930000e-003  9.8277500e-001 -1.8473000e-001 -7.9649000e-002  9.6904800e-001  4.0555000e-002  2.4351900e-001  6.2385400e-001
  2.4428100e-001 -1.7583600e-001 -9.5362900e-001 -4.9746900e-001  4.2610000e-003  9.8360800e-001 -1.8027200e-001 -7.7298000e-002  9.6969500e-001  3.9974000e-002  2.4102600e-001  6.2261300e-001
  2.4132400e-001 -1.7121700e-001 -9.5522100e-001 -4.9869900e-001  3.2080000e-003  9.8444800e-001 -1.7564600e-001 -7.4846000e-002  9.7043900e-001  3.9324000e-002  2.3812000e-001  6.2122900e-001
  2.3796300e-001 -1.6652900e-001 -9.5689200e-001 -4.9999200e-001  2.1520000e-003  9.8528000e-001 -1.7093400e-001 -7.2337000e-002  9.7127200e-001  3.8616000e-002  2.3481900e-001  6.1971400e-001
  2.3463400e-001 -1.6184600e-001 -9.5851600e-001 -5.0132200e-001  1.1910000e-003  9.8609000e-001 -1.6621000e-001 -6.9820000e-002  9.7208300e-001  3.7856000e-002  2.3156300e-001  6.1812000e-001
  2.3125500e-001 -1.5715600e-001 -9.6011600e-001 -5.0271900e-001  3.5600000e-004  9.8688100e-001 -1.6145200e-001 -6.7283000e-002  9.7289300e-001  3.6994000e-002  2.2827700e-001  6.1639900e-001
  2.2775900e-001 -1.5238200e-001 -9.6172000e-001 -5.0413900e-001 -4.5600000e-004  9.8766200e-001 -1.5660000e-001 -6.4695000e-002  9.7371700e-001  3.6106000e-002  2.2488000e-001  6.1461500e-001
  2.2408700e-001 -1.4753300e-001 -9.6333700e-001 -5.0559600e-001 -1.2260000e-003  9.8843200e-001 -1.5166100e-001 -6.2058000e-002  9.7456800e-001  3.5167000e-002  2.2131400e-001  6.1274000e-001
  2.2017700e-001 -1.4254300e-001 -9.6498900e-001 -5.0710100e-001 -1.9240000e-003  9.8920000e-001 -1.4655800e-001 -5.9340000e-002  9.7545800e-001  3.4125000e-002  2.1752500e-001  6.1075300e-001
  2.1605000e-001 -1.3740600e-001 -9.6666500e-001 -5.0865500e-001 -2.5840000e-003  9.8996400e-001 -1.4129500e-001 -5.6537000e-002  9.7637900e-001  3.3025000e-002  2.1352700e-001  6.0865100e-001
  2.1179700e-001 -1.3235200e-001 -9.6831000e-001 -5.1022200e-001 -3.2600000e-003  9.9068600e-001 -1.3612400e-001 -5.3751000e-002  9.7730800e-001  3.1987000e-002  2.0939300e-001  6.0647100e-001
  2.0740400e-001 -1.2734200e-001 -9.6993200e-001 -5.1180700e-001 -3.8990000e-003  9.9137600e-001 -1.3099100e-001 -5.0972000e-002  9.7824800e-001  3.0950000e-002  2.0511800e-001  6.0421300e-001
  2.0288200e-001 -1.2226200e-001 -9.7154000e-001 -5.1340600e-001 -4.4990000e-003  9.9204800e-001 -1.2578200e-001 -4.8152000e-002  9.7919300e-001  2.9890000e-002  2.0071900e-001  6.0188600e-001
  1.9814800e-001 -1.1729100e-001 -9.7312900e-001 -5.1502700e-001 -4.9700000e-003  9.9268100e-001 -1.2066000e-001 -4.5372000e-002  9.8016000e-001  2.8745000e-002  1.9611500e-001  5.9945000e-001
  1.9327700e-001 -1.1231700e-001 -9.7469400e-001 -5.1665900e-001 -5.3750000e-003  9.9329000e-001 -1.1552500e-001 -4.2583000e-002  9.8112900e-001  2.7567000e-002  1.9137700e-001  5.9693900e-001
  1.8824400e-001 -1.0722300e-001 -9.7625200e-001 -5.1831400e-001 -5.7060000e-003  9.9388600e-001 -1.1026000e-001 -3.9730000e-002  9.8210600e-001  2.6327000e-002  1.8648200e-001  5.9434000e-001
  1.8315100e-001 -1.0215600e-001 -9.7776300e-001 -5.1995200e-001 -6.0260000e-003  9.9445100e-001 -1.0502800e-001 -3.6882000e-002  9.8306600e-001  2.5128000e-002  1.8151900e-001  5.9170100e-001
  1.7788800e-001 -9.7049000e-002 -9.7925300e-001 -5.2161000e-001 -6.3360000e-003  9.9499100e-001 -9.9759000e-002 -3.3999000e-002  9.8403000e-001  2.3950000e-002  1.7638200e-001  5.8896500e-001
  1.7248200e-001 -9.2050000e-002 -9.8070200e-001 -5.2326600e-001 -6.5770000e-003  9.9549400e-001 -9.4595000e-002 -3.1159000e-002  9.8499100e-001  2.2766000e-002  1.7109900e-001  5.8614700e-001
  1.6703800e-001 -8.7123000e-002 -9.8209400e-001 -5.2490300e-001 -6.7580000e-003  9.9596400e-001 -8.9503000e-002 -2.8346000e-002  9.8592700e-001  2.1588000e-002  1.6577500e-001  5.8329700e-001
  1.6144500e-001 -8.2128000e-002 -9.8345800e-001 -5.2654500e-001 -6.8940000e-003  9.9641300e-001 -8.4342000e-002 -2.5500000e-002  9.8685800e-001  2.0396000e-002  1.6030000e-001  5.8036700e-001
  1.5570300e-001 -7.7131000e-002 -9.8478800e-001 -5.2817900e-001 -6.8720000e-003  9.9683800e-001 -7.9161000e-002 -2.2655000e-002  9.8778000e-001  1.9093000e-002  1.5468100e-001  5.7735500e-001
  1.4980900e-001 -7.2204000e-002 -9.8607500e-001 -5.2981300e-001 -6.7770000e-003  9.9723100e-001 -7.4051000e-002 -1.9840000e-002  9.8869200e-001  1.7776000e-002  1.4890500e-001  5.7425300e-001
  1.4391600e-001 -6.7258000e-002 -9.8730200e-001 -5.3141400e-001 -6.6020000e-003  9.9760000e-001 -6.8922000e-002 -1.7025000e-002  9.8956800e-001  1.6437000e-002  1.4312600e-001  5.7114700e-001
  1.3783800e-001 -6.2281000e-002 -9.8849500e-001 -5.3301700e-001 -6.3390000e-003  9.9794500e-001 -6.3760000e-002 -1.4195000e-002  9.9043400e-001  1.5054000e-002  1.3716000e-001  5.6793700e-001
  1.3163700e-001 -5.7417000e-002 -9.8963400e-001 -5.3459300e-001 -5.9030000e-003  9.9825800e-001 -5.8703000e-002 -1.1431000e-002  9.9128000e-001  1.3569000e-002  1.3106900e-001  5.6465500e-001
  1.2534800e-001 -5.2457000e-002 -9.9072500e-001 -5.3614200e-001 -5.3550000e-003  9.9855100e-001 -5.3549000e-002 -8.6410000e-003  9.9209800e-001  1.2018000e-002  1.2488600e-001  5.6133000e-001
  1.1887200e-001 -4.7315000e-002 -9.9178200e-001 -5.3767900e-001 -4.7150000e-003  9.9882600e-001 -4.8217000e-002 -5.7720000e-003  9.9289800e-001  1.0408000e-002  1.1850900e-001  5.5790000e-001
  1.1225400e-001 -4.2179000e-002 -9.9278400e-001 -5.3917400e-001 -3.9600000e-003  9.9907200e-001 -4.2894000e-002 -2.9160000e-003  9.9367200e-001  8.7460000e-003  1.1198300e-001  5.5439000e-001
  1.0554400e-001 -3.6916000e-002 -9.9372900e-001 -5.4064500e-001 -2.9800000e-003  9.9929400e-001 -3.7439000e-002 -3.5000000e-005  9.9441000e-001  6.9130000e-003  1.0535900e-001  5.5083300e-001
  9.8764000e-002 -3.1530000e-002 -9.9461100e-001 -5.4207600e-001 -1.7580000e-003  9.9949100e-001 -3.1859000e-002  2.8590000e-003  9.9510900e-001  4.8950000e-003  9.8659000e-002  5.4723400e-001
  9.1774000e-002 -2.6178000e-002 -9.9543600e-001 -5.4348000e-001 -2.4100000e-004  9.9965400e-001 -2.6312000e-002  5.6930000e-003  9.9578000e-001  2.6550000e-003  9.1735000e-002  5.4351900e-001
  8.4716000e-002 -2.0747000e-002 -9.9618900e-001 -5.4484100e-001  1.4970000e-003  9.9978500e-001 -2.0695000e-002  8.5080000e-003  9.9640400e-001  2.6200000e-004  8.4729000e-002  5.3976800e-001
  7.7588000e-002 -1.5237000e-002 -9.9686900e-001 -5.4617900e-001  3.2090000e-003  9.9988200e-001 -1.5033000e-002  1.1362000e-002  9.9698000e-001 -2.0320000e-003  7.7628000e-002  5.3596100e-001
  7.0288000e-002 -9.6880000e-003 -9.9748000e-001 -5.4748400e-001  5.0620000e-003  9.9994300e-001 -9.3560000e-003  1.4220000e-002  9.9751400e-001 -4.3910000e-003  7.0333000e-002  5.3205000e-001
  6.2970000e-002 -4.2430000e-003 -9.9800600e-001 -5.4875300e-001  6.9350000e-003  9.9996900e-001 -3.8140000e-003  1.7003000e-002  9.9799100e-001 -6.6810000e-003  6.2997000e-002  5.2811400e-001
  5.5565000e-002  1.3340000e-003 -9.9845400e-001 -5.4998200e-001  8.8990000e-003  9.9995900e-001  1.8320000e-003  1.9829000e-002  9.9841500e-001 -8.9870000e-003  5.5551000e-002  5.2412300e-001
  4.7980000e-002  6.7150000e-003 -9.9882600e-001 -5.5118100e-001  1.0927000e-002  9.9991400e-001  7.2470000e-003  2.2564000e-002  9.9878800e-001 -1.1262000e-002  4.7903000e-002  5.2002100e-001
  4.0389000e-002  1.2054000e-002 -9.9911100e-001 -5.5235400e-001  1.3043000e-002  9.9983600e-001  1.2590000e-002  2.5243000e-002  9.9909900e-001 -1.3540000e-002  4.0225000e-002  5.1589900e-001
  3.2744000e-002  1.7570000e-002 -9.9930900e-001 -5.5350300e-001  1.5410000e-002  9.9971800e-001  1.8082000e-002  2.7991000e-002  9.9934500e-001 -1.5992000e-002  3.2464000e-002  5.1172400e-001
  2.4938000e-002  2.2977000e-002 -9.9942500e-001 -5.5462300e-001  1.7814000e-002  9.9956700e-001  2.3425000e-002  3.0673000e-002  9.9953000e-001 -1.8388000e-002  2.4517000e-002  5.0744700e-001
  1.7170000e-002  2.8274000e-002 -9.9945300e-001 -5.5571400e-001  2.0460000e-002  9.9938100e-001  2.8624000e-002  3.3295000e-002  9.9964300e-001 -2.0941000e-002  1.6581000e-002  5.0316600e-001
  9.3470000e-003  3.3656000e-002 -9.9939000e-001 -5.5677900e-001  2.3557000e-002  9.9914900e-001  3.3869000e-002  3.5935000e-002  9.9967900e-001 -2.3859000e-002  8.5460000e-003  4.9882300e-001
  1.4750000e-003  3.8800000e-002 -9.9924600e-001 -5.5783100e-001  2.7215000e-002  9.9887500e-001  3.8826000e-002  3.8425000e-002  9.9962900e-001 -2.7251000e-002  4.1700000e-004  4.9441500e-001
 -6.3120000e-003  4.3843000e-002 -9.9901800e-001 -5.5886600e-001  3.0944000e-002  9.9856900e-001  4.3627000e-002  4.0910000e-002  9.9950100e-001 -3.0638000e-002 -7.6590000e-003  4.9002100e-001
 -1.4233000e-002  4.8956000e-002 -9.9870000e-001 -5.5987100e-001  3.4714000e-002  9.9822300e-001  4.8438000e-002  4.3442000e-002  9.9929600e-001 -3.3980000e-002 -1.5907000e-002  4.8551900e-001
 -2.2136000e-002  5.3816000e-002 -9.9830500e-001 -5.6085000e-001  3.9006000e-002  9.9783600e-001  5.2926000e-002  4.5854000e-002  9.9899400e-001 -3.7768000e-002 -2.4187000e-002  4.8098400e-001
 -2.9985000e-002  5.8607000e-002 -9.9783100e-001 -5.6181200e-001  4.3511000e-002  9.9741000e-001  5.7275000e-002  4.8255000e-002  9.9860300e-001 -4.1699000e-002 -3.2457000e-002  4.7643200e-001
 -3.7955000e-002  6.3154000e-002 -9.9728200e-001 -5.6274900e-001  4.7616000e-002  9.9698200e-001  6.1323000e-002  5.0611000e-002  9.9814400e-001 -4.5159000e-002 -4.0847000e-002  4.7179500e-001
 -4.5865000e-002  6.7397000e-002 -9.9667100e-001 -5.6368100e-001  5.0832000e-002  9.9658600e-001  6.5052000e-002  5.2897000e-002  9.9765300e-001 -4.7679000e-002 -4.9135000e-002  4.6717300e-001
 -5.3806000e-002  7.1758000e-002 -9.9597000e-001 -5.6459000e-001  5.3995000e-002  9.9616400e-001  6.8855000e-002  5.5283000e-002  9.9709100e-001 -5.0073000e-002 -5.7474000e-002  4.6250500e-001
 -6.1783000e-002  7.5873000e-002 -9.9520200e-001 -5.6548300e-001  5.7028000e-002  9.9574600e-001  7.2374000e-002  5.7531000e-002  9.9645900e-001 -5.2283000e-002 -6.5847000e-002  4.5779500e-001
 -6.9623000e-002  8.0213000e-002 -9.9434300e-001 -5.6633400e-001  6.0554000e-002  9.9526400e-001  7.6048000e-002  5.9878000e-002  9.9573400e-001 -5.4917000e-002 -7.4151000e-002  4.5310200e-001
 -7.7515000e-002  8.4632000e-002 -9.9339300e-001 -5.6716200e-001  6.4871000e-002  9.9470700e-001  7.9682000e-002  6.2213000e-002  9.9487800e-001 -5.8266000e-002 -8.2595000e-002  4.4832300e-001
 -8.5237000e-002  8.9071000e-002 -9.9237100e-001 -5.6797300e-001  6.9619000e-002  9.9409400e-001  8.3246000e-002  6.4524000e-002  9.9392500e-001 -6.1993000e-002 -9.0935000e-002  4.4356600e-001
 -9.2819000e-002  9.3721000e-002 -9.9126200e-001 -5.6874900e-001  7.5500000e-002  9.9335600e-001  8.6849000e-002  6.6895000e-002  9.9281600e-001 -6.6779000e-002 -9.9279000e-002  4.3878200e-001
 -1.0039000e-001  9.8063000e-002 -9.9010400e-001 -5.6951300e-001  8.1241000e-002  9.9261600e-001  9.0075000e-002  6.9095000e-002  9.9162600e-001 -7.1395000e-002 -1.0761500e-001  4.3398200e-001
 -1.0784700e-001  1.0256000e-001 -9.8886300e-001 -5.7023300e-001  8.6879000e-002  9.9183200e-001  9.3392000e-002  7.1367000e-002  9.9036400e-001 -7.5840000e-002 -1.1587600e-001  4.2920300e-001
 -1.1536300e-001  1.0685200e-001 -9.8756000e-001 -5.7093000e-001  9.1953000e-002  9.9107700e-001  9.6491000e-002  7.3523000e-002  9.8905800e-001 -7.9677000e-002 -1.2415900e-001  4.2439000e-001
 -1.2279100e-001  1.1119800e-001 -9.8618300e-001 -5.7157800e-001  9.6608000e-002  9.9032300e-001  9.9636000e-002  7.5713000e-002  9.8771900e-001 -8.3039000e-002 -1.3234500e-001  4.1961800e-001
 -1.3018600e-001  1.1575800e-001 -9.8470900e-001 -5.7217500e-001  1.0189500e-001  9.8946500e-001  1.0284600e-001  7.7933000e-002  9.8624000e-001 -8.6948000e-002 -1.4061000e-001  4.1479200e-001
 -1.3752200e-001  1.2010600e-001 -9.8319000e-001 -5.7274100e-001  1.0688000e-001  9.8862500e-001  1.0582100e-001  8.0042000e-002  9.8471500e-001 -9.0531000e-002 -1.4879400e-001  4.0998700e-001
 -1.4469200e-001  1.2486000e-001 -9.8156700e-001 -5.7323300e-001  1.1270200e-001  9.8763000e-001  1.0901800e-001  8.2279000e-002  9.8303700e-001 -9.4851000e-002 -1.5697400e-001  4.0518800e-001
 -1.5184500e-001  1.2922700e-001 -9.7992000e-001 -5.7371500e-001  1.1818500e-001  9.8667700e-001  1.1180400e-001  8.4307000e-002  9.8131300e-001 -9.8835000e-002 -1.6509500e-001  4.0039600e-001
 -1.5892600e-001  1.3370400e-001 -9.7819500e-001 -5.7412600e-001  1.2331200e-001  9.8571700e-001  1.1469800e-001  8.6413000e-002  9.7955900e-001 -1.0239500e-001 -1.7314300e-001  3.9563900e-001
 -1.6600800e-001  1.3804300e-001 -9.7641500e-001 -5.7451400e-001  1.2832800e-001  9.8475800e-001  1.1740400e-001  8.8401000e-002  9.7773900e-001 -1.0581100e-001 -1.8119300e-001  3.9086800e-001
 -1.7298900e-001  1.4219200e-001 -9.7460600e-001 -5.7486300e-001  1.3305700e-001  9.8382700e-001  1.1992000e-001  9.0300000e-002  9.7589500e-001 -1.0893300e-001 -1.8911100e-001  3.8616000e-001
 -1.7981800e-001  1.4658500e-001 -9.7271700e-001 -5.7515800e-001  1.3834800e-001  9.8277500e-001  1.2252600e-001  9.2239000e-002  9.7392300e-001 -1.1254100e-001 -1.9700100e-001  3.8145200e-001
 -1.8659400e-001  1.5061700e-001 -9.7082300e-001 -5.7543900e-001  1.4330700e-001  9.8178100e-001  1.2477300e-001  9.3989000e-002  9.7192900e-001 -1.1584400e-001 -2.0477900e-001  3.7679200e-001
 -1.9313400e-001  1.5496800e-001 -9.6885700e-001 -5.7565100e-001  1.4899300e-001  9.8062900e-001  1.2715000e-001  9.5824000e-002  9.6979400e-001 -1.1979600e-001 -2.1248200e-001  3.7217700e-001
 -1.9961900e-001  1.5911700e-001 -9.6686800e-001 -5.7584500e-001  1.5449500e-001  9.7949600e-001  1.2929800e-001  9.7530000e-002  9.6761700e-001 -1.2356600e-001 -2.2010900e-001  3.6758500e-001
 -2.0594800e-001  1.6310300e-001 -9.6487500e-001 -5.7598900e-001  1.5944400e-001  9.7842800e-001  1.3136100e-001  9.9207000e-002  9.6548600e-001 -1.2679000e-001 -2.2751100e-001  3.6312100e-001
 -2.1219000e-001  1.6713200e-001 -9.6283000e-001 -5.7610000e-001  1.6448600e-001  9.7731700e-001  1.3339700e-001  1.0085700e-001  9.6328600e-001 -1.3006700e-001 -2.3486800e-001  3.5866000e-001
 -2.1833000e-001  1.7078500e-001 -9.6081400e-001 -5.7619000e-001  1.6866900e-001  9.7635400e-001  1.3522000e-001  1.0237700e-001  9.6118800e-001 -1.3253700e-001 -2.4197300e-001  3.5432900e-001
 -2.2426300e-001  1.7469000e-001 -9.5874400e-001 -5.7622500e-001  1.7341600e-001  9.7525400e-001  1.3713400e-001  1.0394000e-001  9.5897500e-001 -1.3550700e-001 -2.4900800e-001  3.5004700e-001
 -2.3006200e-001  1.7836200e-001 -9.5669100e-001 -5.7624700e-001  1.7788900e-001  9.7420500e-001  1.3884900e-001  1.0537700e-001  9.5677900e-001 -1.3824100e-001 -2.5585700e-001  3.4585900e-001
 -2.3554400e-001  1.8210200e-001 -9.5465100e-001 -5.7622600e-001  1.8249300e-001  9.7310300e-001  1.4059400e-001  1.0683600e-001  9.5457600e-001 -1.4110100e-001 -2.6244100e-001  3.4182300e-001
 -2.4079700e-001  1.8598200e-001 -9.5259000e-001 -5.7617100e-001  1.8764000e-001  9.7187300e-001  1.4231500e-001  1.0827300e-001  9.5226500e-001 -1.4447500e-001 -2.6892200e-001  3.3783900e-001
 -2.4571700e-001  1.8963600e-001 -9.5061100e-001 -5.7610900e-001  1.9244100e-001  9.7070000e-001  1.4390100e-001  1.0963300e-001  9.5004700e-001 -1.4757800e-001 -2.7501100e-001  3.3401300e-001
 -2.5014900e-001  1.9328700e-001 -9.4871800e-001 -5.7602100e-001  1.9706000e-001  9.6952400e-001  1.4556700e-001  1.1101500e-001  9.4794100e-001 -1.5054100e-001 -2.8061500e-001  3.3035100e-001
 -2.5425700e-001  1.9692400e-001 -9.4687600e-001 -5.7590400e-001  2.0149900e-001  9.6835200e-001  1.4728400e-001  1.1239800e-001  9.4591300e-001 -1.5334600e-001 -2.8589000e-001  3.2677400e-001
 -2.5776200e-001  2.0029600e-001 -9.4522000e-001 -5.7580100e-001  2.0525400e-001  9.6730000e-001  1.4900200e-001  1.1372800e-001  9.4415500e-001 -1.5560300e-001 -2.9044500e-001  3.2337700e-001
 -2.6056600e-001  2.0355500e-001 -9.4375300e-001 -5.7573600e-001  2.0871800e-001  9.6628100e-001  1.5078800e-001  1.1504500e-001  9.4262500e-001 -1.5768800e-001 -2.9426600e-001  3.2016800e-001
 -2.6318800e-001  2.0689600e-001 -9.4229800e-001 -5.7569900e-001  2.1232500e-001  9.6520700e-001  1.5262300e-001  1.1638500e-001  9.4109000e-001 -1.5990500e-001 -2.9796000e-001  3.1707000e-001
 -2.6542300e-001  2.1014500e-001 -9.4095100e-001 -5.7571500e-001  2.1601900e-001  9.6410700e-001  1.5438200e-001  1.1766700e-001  9.3962000e-001 -1.6228700e-001 -3.0129100e-001  3.1412000e-001
 -2.6732400e-001  2.1322700e-001 -9.3971900e-001 -5.7581000e-001  2.1926200e-001  9.6308900e-001  1.5615600e-001  1.1895000e-001  9.3832900e-001 -1.6430000e-001 -3.0420900e-001  3.1133100e-001
 -2.6901700e-001  2.1647600e-001 -9.3849200e-001 -5.7595200e-001  2.2312400e-001  9.6191300e-001  1.5792100e-001  1.2025200e-001  9.3693400e-001 -1.6691600e-001 -3.0707200e-001  3.0867300e-001
 -2.7047900e-001  2.1967000e-001 -9.3732900e-001 -5.7614000e-001  2.2681300e-001  9.6075400e-001  1.5971000e-001  1.2156500e-001  9.3562600e-001 -1.6940100e-001 -3.0968800e-001  3.0608500e-001
 -2.7145000e-001  2.2268500e-001 -9.3633700e-001 -5.7641500e-001  2.3034500e-001  9.5962300e-001  1.6144400e-001  1.2283000e-001  9.3448200e-001 -1.7185600e-001 -3.1178400e-001  3.0362700e-001
 -2.7212400e-001  2.2562600e-001 -9.3543700e-001 -5.7676300e-001  2.3367000e-001  9.5851900e-001  1.6321700e-001  1.2411700e-001  9.3346000e-001 -1.7416800e-001 -3.1355800e-001  3.0129500e-001
 -2.7231700e-001  2.2858500e-001 -9.3466200e-001 -5.7717000e-001  2.3722600e-001  9.5733700e-001  1.6501400e-001  1.2540000e-001  9.3250600e-001 -1.7679000e-001 -3.1492600e-001  2.9902600e-001
 -2.7208900e-001  2.3128400e-001 -9.3406400e-001 -5.7762900e-001  2.4021600e-001  9.5627900e-001  1.6681100e-001  1.2663500e-001  9.3180700e-001 -1.7898900e-001 -3.1575200e-001  2.9682800e-001
 -2.7186700e-001  2.3372600e-001 -9.3352000e-001 -5.7814500e-001  2.4267100e-001  9.5535900e-001  1.6852100e-001  1.2783400e-001  9.3123500e-001 -1.8072300e-001 -3.1644900e-001  2.9468100e-001
 -2.7181500e-001  2.3615500e-001 -9.3292400e-001 -5.7868500e-001  2.4529300e-001  9.5440500e-001  1.7012500e-001  1.2899200e-001  9.3056300e-001 -1.8259700e-001 -3.1734900e-001  2.9254800e-001
 -2.7242600e-001  2.3852600e-001 -9.3214200e-001 -5.7922800e-001  2.4791600e-001  9.5347500e-001  1.7153000e-001  1.3008700e-001  9.2968900e-001 -1.8436300e-001 -3.1888600e-001  2.9033400e-001
 -2.7355600e-001  2.4076500e-001 -9.3123500e-001 -5.7975800e-001  2.5042700e-001  9.5260300e-001  1.7272500e-001  1.3110000e-001  9.2868400e-001 -1.8595700e-001 -3.2088400e-001  2.8809700e-001
 -2.7502900e-001  2.4293300e-001 -9.3023800e-001 -5.8025500e-001  2.5314100e-001  9.5170800e-001  1.7369700e-001  1.3199800e-001  9.2751200e-001 -1.8770900e-001 -3.2324400e-001  2.8579800e-001
 -2.7651300e-001  2.4507100e-001 -9.2923700e-001 -5.8072200e-001  2.5585700e-001  9.5081200e-001  1.7462600e-001  1.3286600e-001  9.2632500e-001 -1.8946500e-001 -3.2561500e-001  2.8348800e-001
 -2.7825100e-001  2.4712500e-001 -9.2817300e-001 -5.8114000e-001  2.5844800e-001  9.4996000e-001  1.7544700e-001  1.3366900e-001  9.2508400e-001 -1.9106600e-001 -3.2819600e-001  2.8108200e-001
 -2.8011800e-001  2.4908500e-001 -9.2708700e-001 -5.8154200e-001  2.6113000e-001  9.4910500e-001  1.7610100e-001  1.3438800e-001  9.2376700e-001 -1.9276100e-001 -3.3090500e-001  2.7869400e-001
 -2.8208300e-001  2.5098700e-001 -9.2597800e-001 -5.8192500e-001  2.6386100e-001  9.4824800e-001  1.7664300e-001  1.3504400e-001  9.2239200e-001 -1.9450100e-001 -3.3371000e-001  2.7629700e-001
 -2.8438100e-001  2.5274100e-001 -9.2479700e-001 -5.8224500e-001  2.6616900e-001  9.4751700e-001  1.7710200e-001  1.3565200e-001  9.2102200e-001 -1.9578800e-001 -3.3672800e-001  2.7382600e-001
 -2.8679900e-001  2.5448200e-001 -9.2357200e-001 -5.8250300e-001  2.6862600e-001  9.4675800e-001  1.7745400e-001  1.3619600e-001  9.1955800e-001 -1.9720200e-001 -3.3989000e-001  2.7130300e-001
