  3.6627000e-001  5.8551100e-001 -7.2320300e-001 -3.3036200e-001 -3.4456300e-001  8.0730600e-001  4.7909600e-001  2.0512100e-001  8.6436300e-001  7.3711000e-002  4.9743700e-001  7.0076000e-001
  3.6626900e-001  5.8551100e-001 -7.2320400e-001 -3.3036100e-001 -3.4456400e-001  8.0730600e-001  4.7909500e-001  2.0512100e-001  8.6436300e-001  7.3713000e-002  4.9743700e-001  7.0076000e-001
  3.6615000e-001  5.8554700e-001 -7.2323500e-001 -3.3036500e-001 -3.4464600e-001  8.0726900e-001  4.7910000e-001  2.0511900e-001  8.6438100e-001  7.3838000e-002  4.9738700e-001  7.0074800e-001
  3.6535300e-001  5.8590000e-001 -7.2335200e-001 -3.3038200e-001 -3.4547200e-001  8.0691800e-001  4.7909500e-001  2.0509900e-001  8.6438800e-001  7.4859000e-002  4.9722200e-001  7.0071500e-001
  3.6430500e-001  5.8642300e-001 -7.2345700e-001 -3.3041900e-001 -3.4685400e-001  8.0639000e-001  4.7898600e-001  2.0503900e-001  8.6427700e-001  7.6437000e-002  4.9717500e-001  7.0069300e-001
  3.6307600e-001  5.8702600e-001 -7.2358600e-001 -3.3046200e-001 -3.4843100e-001  8.0577700e-001  4.7887200e-001  2.0497000e-001  8.6416000e-001  7.8253000e-002  4.9709600e-001  7.0065300e-001
  3.6197600e-001  5.8749300e-001 -7.2375800e-001 -3.3052400e-001 -3.4983400e-001  8.0527300e-001  4.7869700e-001  2.0487000e-001  8.6405400e-001  7.9918000e-002  4.9701500e-001  7.0061000e-001
  3.6079500e-001  5.8800800e-001 -7.2392900e-001 -3.3058200e-001 -3.5132800e-001  8.0472000e-001  4.7853300e-001  2.0477300e-001  8.6394200e-001  8.1684000e-002  4.9692200e-001  7.0056000e-001
  3.5961000e-001  5.8849800e-001 -7.2412100e-001 -3.3064700e-001 -3.5278300e-001  8.0418200e-001  4.7836700e-001  2.0467100e-001  8.6384300e-001  8.3432000e-002  4.9680400e-001  7.0049800e-001
  3.5823900e-001  5.8906000e-001 -7.2434300e-001 -3.3071900e-001 -3.5445800e-001  8.0355900e-001  4.7817600e-001  2.0455400e-001  8.6372700e-001  8.5448000e-002  4.9666400e-001  7.0042400e-001
  3.5693700e-001  5.8960200e-001 -7.2454500e-001 -3.3078000e-001 -3.5605600e-001  8.0295600e-001  4.7800200e-001  2.0444400e-001  8.6360900e-001  8.7362000e-002  4.9653600e-001  7.0035500e-001
  3.5575200e-001  5.9006100e-001 -7.2475500e-001 -3.3084200e-001 -3.5745200e-001  8.0243100e-001  4.7784200e-001  2.0433800e-001  8.6352100e-001  8.9072000e-002  4.9638400e-001  7.0027400e-001
  3.5506600e-001  5.9021800e-001 -7.2496200e-001 -3.3089600e-001 -3.5816500e-001  8.0220600e-001  4.7768600e-001  2.0423000e-001  8.6350800e-001  9.0046000e-002  4.9623200e-001  7.0019100e-001
  3.5488300e-001  5.9010300e-001 -7.2514600e-001 -3.3093300e-001 -3.5816000e-001  8.0226900e-001  4.7758200e-001  2.0414600e-001  8.6358500e-001  9.0233000e-002  4.9606300e-001  7.0010000e-001
  3.5479400e-001  5.8992600e-001 -7.2533300e-001 -3.3096700e-001 -3.5802400e-001  8.0239400e-001  4.7747500e-001  2.0405900e-001  8.6367800e-001  9.0282000e-002  4.9589200e-001  7.0000700e-001
  3.5469300e-001  5.8979100e-001 -7.2549300e-001 -3.3098500e-001 -3.5790600e-001  8.0248900e-001  4.7740500e-001  2.0398900e-001  8.6376900e-001  9.0326000e-002  4.9572600e-001  6.9991600e-001
  3.5456600e-001  5.8970100e-001 -7.2562700e-001 -3.3098200e-001 -3.5779700e-001  8.0255000e-001  4.7738300e-001  2.0393600e-001  8.6386600e-001  9.0363000e-002  4.9555100e-001  6.9981900e-001
  3.5442500e-001  5.8964300e-001 -7.2574400e-001 -3.3096300e-001 -3.5769600e-001  8.0258900e-001  4.7739300e-001  2.0389300e-001  8.6396600e-001  9.0396000e-002  4.9537100e-001  6.9971800e-001
  3.5427900e-001  5.8961500e-001 -7.2583800e-001 -3.3092900e-001 -3.5760700e-001  8.0260700e-001  4.7743000e-001  2.0386100e-001  8.6406200e-001  9.0421000e-002  4.9519700e-001  6.9962000e-001
  3.5414500e-001  5.8958400e-001 -7.2592900e-001 -3.3089400e-001 -3.5752200e-001  8.0262700e-001  4.7746000e-001  2.0382600e-001  8.6415300e-001  9.0445000e-002  4.9503500e-001  6.9952600e-001
  3.5402300e-001  5.8955700e-001 -7.2601000e-001 -3.3085200e-001 -3.5744800e-001  8.0264500e-001  4.7748600e-001  2.0378600e-001  8.6423300e-001  9.0470000e-002  4.9489100e-001  6.9944100e-001
  3.5390500e-001  5.8952700e-001 -7.2609200e-001 -3.3080300e-001 -3.5737700e-001  8.0266400e-001  4.7750700e-001  2.0374000e-001  8.6431100e-001  9.0496000e-002  4.9474900e-001  6.9935600e-001
  3.5378700e-001  5.8950300e-001 -7.2616800e-001 -3.3074400e-001 -3.5731100e-001  8.0267800e-001  4.7753300e-001  2.0369100e-001  8.6438600e-001  9.0523000e-002  4.9461300e-001  6.9927100e-001
  3.5367400e-001  5.8948500e-001 -7.2623800e-001 -3.3067800e-001 -3.5725000e-001  8.0268800e-001  4.7756100e-001  2.0364100e-001  8.6445700e-001  9.0548000e-002  4.9448400e-001  6.9919000e-001
  3.5356400e-001  5.8946000e-001 -7.2631300e-001 -3.3061300e-001 -3.5719000e-001  8.0270400e-001  4.7758000e-001  2.0358500e-001  8.6452800e-001  9.0577000e-002  4.9435600e-001  6.9910800e-001
  3.5346900e-001  5.8943200e-001 -7.2638200e-001 -3.3053900e-001 -3.5714000e-001  8.0272100e-001  4.7758800e-001  2.0351900e-001  8.6458700e-001  9.0607000e-002  4.9424600e-001  6.9903400e-001
  3.5338100e-001  5.8940400e-001 -7.2644700e-001 -3.3045600e-001 -3.5709600e-001  8.0273800e-001  4.7759200e-001  2.0344800e-001  8.6464100e-001  9.0639000e-002  4.9414600e-001  6.9896300e-001
  3.5331100e-001  5.8938500e-001 -7.2649600e-001 -3.3036000e-001 -3.5706800e-001  8.0274800e-001  4.7759600e-001  2.0337100e-001  8.6468100e-001  9.0669000e-002  4.9407000e-001  6.9890200e-001
  3.5324400e-001  5.8937400e-001 -7.2653800e-001 -3.3026600e-001 -3.5704600e-001  8.0275300e-001  4.7760400e-001  2.0330100e-001  8.6471800e-001  9.0696000e-002  4.9400100e-001  6.9884600e-001
  3.5323000e-001  5.8937000e-001 -7.2654800e-001 -3.3016700e-001 -3.5706100e-001  8.0275300e-001  4.7759300e-001  2.0322600e-001  8.6471700e-001  9.0722000e-002  4.9399700e-001  6.9882200e-001
  3.5322000e-001  5.8937200e-001 -7.2655100e-001 -3.3007600e-001 -3.5708100e-001  8.0274900e-001  4.7758500e-001  2.0316200e-001  8.6471300e-001  9.0745000e-002  4.9400100e-001  6.9880400e-001
  3.5324200e-001  5.8937500e-001 -7.2653800e-001 -3.2998200e-001 -3.5711900e-001  8.0274500e-001  4.7756300e-001  2.0309200e-001  8.6468800e-001  9.0765000e-002  4.9404000e-001  6.9880500e-001
  3.5327900e-001  5.8938400e-001 -7.2651300e-001 -3.2988500e-001 -3.5716900e-001  8.0273600e-001  4.7754100e-001  2.0302500e-001  8.6465300e-001  9.0782000e-002  4.9409900e-001  6.9881500e-001
  3.5329400e-001  5.8940000e-001 -7.2649200e-001 -3.2979200e-001 -3.5721000e-001  8.0272200e-001  4.7753400e-001  2.0296500e-001  8.6463000e-001  9.0800000e-002  4.9413700e-001  6.9881500e-001
  3.5332200e-001  5.8941700e-001 -7.2646500e-001 -3.2969100e-001 -3.5726100e-001  8.0270700e-001  4.7752000e-001  2.0290000e-001  8.6459700e-001  9.0819000e-002  4.9419000e-001  6.9882200e-001
  3.5330700e-001  5.8944000e-001 -7.2645400e-001 -3.2959800e-001 -3.5729100e-001  8.0268900e-001  4.7752900e-001  2.0284500e-001  8.6459100e-001  9.0841000e-002  4.9419700e-001  6.9880700e-001
  3.5330900e-001  5.8946000e-001 -7.2643700e-001 -3.2950000e-001 -3.5732600e-001  8.0267200e-001  4.7753100e-001  2.0278600e-001  8.6457600e-001  9.0859000e-002  4.9422000e-001  6.9879900e-001
  3.5328800e-001  5.8947800e-001 -7.2643200e-001 -3.2941200e-001 -3.5735000e-001  8.0265600e-001  4.7754000e-001  2.0273200e-001  8.6457400e-001  9.0881000e-002  4.9421900e-001  6.9878000e-001
  3.5326800e-001  5.8950000e-001 -7.2642400e-001 -3.2932700e-001 -3.5737100e-001  8.0263800e-001  4.7755500e-001  2.0268500e-001  8.6457400e-001  9.0898000e-002  4.9421700e-001  6.9876200e-001
  3.5325600e-001  5.8952200e-001 -7.2641200e-001 -3.2925000e-001 -3.5739600e-001  8.0262000e-001  4.7756600e-001  2.0264300e-001  8.6456800e-001  9.0914000e-002  4.9422300e-001  6.9875000e-001
  3.5322900e-001  5.8954700e-001 -7.2640400e-001 -3.2918600e-001 -3.5741400e-001  8.0260000e-001  4.7758700e-001  2.0261100e-001  8.6457200e-001  9.0929000e-002  4.9421400e-001  6.9873300e-001
  3.5321200e-001  5.8956900e-001 -7.2639500e-001 -3.2913100e-001 -3.5743200e-001  8.0258200e-001  4.7760300e-001  2.0258400e-001  8.6457100e-001  9.0942000e-002  4.9421300e-001  6.9872100e-001
  3.5319600e-001  5.8959000e-001 -7.2638600e-001 -3.2908300e-001 -3.5744900e-001  8.0256600e-001  4.7761700e-001  2.0256200e-001  8.6457100e-001  9.0953000e-002  4.9421200e-001  6.9871100e-001
  3.5318100e-001  5.8961400e-001 -7.2637400e-001 -3.2903900e-001 -3.5746700e-001  8.0254700e-001  4.7763600e-001  2.0254300e-001  8.6457000e-001  9.0963000e-002  4.9421200e-001  6.9870300e-001
  3.5316600e-001  5.8964000e-001 -7.2636000e-001 -3.2899900e-001 -3.5748400e-001  8.0252700e-001  4.7765700e-001  2.0253100e-001  8.6456800e-001  9.0970000e-002  4.9421300e-001  6.9869600e-001
  3.5316100e-001  5.8965700e-001 -7.2634800e-001 -3.2896900e-001 -3.5749900e-001  8.0251300e-001  4.7766800e-001  2.0251900e-001  8.6456500e-001  9.0975000e-002  4.9421800e-001  6.9869300e-001
  3.5314700e-001  5.8967900e-001 -7.2633700e-001 -3.2894400e-001 -3.5751100e-001  8.0249700e-001  4.7768700e-001  2.0251400e-001  8.6456500e-001  9.0980000e-002  4.9421600e-001  6.9868800e-001
  3.5313600e-001  5.8969100e-001 -7.2633300e-001 -3.2892600e-001 -3.5751700e-001  8.0248700e-001  4.7769800e-001  2.0250900e-001  8.6456800e-001  9.0984000e-002  4.9421100e-001  6.9868200e-001
  3.5312400e-001  5.8970000e-001 -7.2633100e-001 -3.2891000e-001 -3.5752000e-001  8.0248000e-001  4.7770800e-001  2.0250200e-001  8.6457100e-001  9.0988000e-002  4.9420500e-001  6.9867600e-001
  3.5311100e-001  5.8970900e-001 -7.2633000e-001 -3.2889800e-001 -3.5752100e-001  8.0247400e-001  4.7771800e-001  2.0250000e-001  8.6457600e-001  9.0991000e-002  4.9419600e-001  6.9866900e-001
  3.5310200e-001  5.8971500e-001 -7.2633000e-001 -3.2888900e-001 -3.5752200e-001  8.0246900e-001  4.7772500e-001  2.0249700e-001  8.6457900e-001  9.0994000e-002  4.9418900e-001  6.9866400e-001
  3.5309100e-001  5.8971800e-001 -7.2633300e-001 -3.2888400e-001 -3.5751900e-001  8.0246700e-001  4.7773200e-001  2.0249600e-001  8.6458500e-001  9.0996000e-002  4.9417900e-001  6.9865800e-001
  3.5307800e-001  5.8972000e-001 -7.2633800e-001 -3.2888100e-001 -3.5751400e-001  8.0246500e-001  4.7773800e-001  2.0249500e-001  8.6459200e-001  9.0998000e-002  4.9416600e-001  6.9865000e-001
  3.5306700e-001  5.8971900e-001 -7.2634400e-001 -3.2888000e-001 -3.5750900e-001  8.0246500e-001  4.7774200e-001  2.0249400e-001  8.6459900e-001  9.1000000e-002  4.9415300e-001  6.9864400e-001
  3.5305800e-001  5.8971700e-001 -7.2634900e-001 -3.2887800e-001 -3.5750400e-001  8.0246600e-001  4.7774400e-001  2.0249200e-001  8.6460500e-001  9.1001000e-002  4.9414300e-001  6.9863800e-001
  3.5304800e-001  5.8971600e-001 -7.2635500e-001 -3.2887700e-001 -3.5749800e-001  8.0246700e-001  4.7774700e-001  2.0249100e-001  8.6461100e-001  9.1003000e-002  4.9413100e-001  6.9863100e-001
  3.5304300e-001  5.8971500e-001 -7.2635900e-001 -3.2887500e-001 -3.5749500e-001  8.0246800e-001  4.7774800e-001  2.0248900e-001  8.6461400e-001  9.1004000e-002  4.9412600e-001  6.9862800e-001
  3.5303800e-001  5.8971100e-001 -7.2636400e-001 -3.2887400e-001 -3.5749100e-001  8.0247000e-001  4.7774700e-001  2.0248600e-001  8.6461800e-001  9.1006000e-002  4.9411900e-001  6.9862400e-001
  3.5303100e-001  5.8970900e-001 -7.2637000e-001 -3.2887300e-001 -3.5748600e-001  8.0247200e-001  4.7774700e-001  2.0248500e-001  8.6462300e-001  9.1007000e-002  4.9411000e-001  6.9861900e-001
  3.5302800e-001  5.8970600e-001 -7.2637300e-001 -3.2887200e-001 -3.5748300e-001  8.0247400e-001  4.7774700e-001  2.0248300e-001  8.6462600e-001  9.1008000e-002  4.9410600e-001  6.9861600e-001
  3.5302200e-001  5.8970500e-001 -7.2637700e-001 -3.2887100e-001 -3.5748000e-001  8.0247500e-001  4.7774800e-001  2.0248100e-001  8.6462900e-001  9.1009000e-002  4.9409900e-001  6.9861300e-001
  3.5301800e-001  5.8970400e-001 -7.2638000e-001 -3.2887000e-001 -3.5747700e-001  8.0247500e-001  4.7774900e-001  2.0248100e-001  8.6463200e-001  9.1010000e-002  4.9409400e-001  6.9861000e-001
  3.5301400e-001  5.8970500e-001 -7.2638100e-001 -3.2886900e-001 -3.5747600e-001  8.0247400e-001  4.7775100e-001  2.0248000e-001  8.6463400e-001  9.1011000e-002  4.9409000e-001  6.9860800e-001
  3.5300800e-001  5.8970500e-001 -7.2638400e-001 -3.2886900e-001 -3.5747300e-001  8.0247500e-001  4.7775300e-001  2.0248000e-001  8.6463800e-001  9.1012000e-002  4.9408400e-001  6.9860400e-001
  3.5300400e-001  5.8970300e-001 -7.2638700e-001 -3.2886800e-001 -3.5747000e-001  8.0247600e-001  4.7775400e-001  2.0247900e-001  8.6464100e-001  9.1012000e-002  4.9407800e-001  6.9860100e-001
  3.5300100e-001  5.8970300e-001 -7.2638900e-001 -3.2886800e-001 -3.5746800e-001  8.0247600e-001  4.7775500e-001  2.0247900e-001  8.6464300e-001  9.1013000e-002  4.9407400e-001  6.9859900e-001
  3.5299700e-001  5.8970200e-001 -7.2639100e-001 -3.2886700e-001 -3.5746600e-001  8.0247600e-001  4.7775600e-001  2.0247800e-001  8.6464500e-001  9.1014000e-002  4.9407000e-001  6.9859700e-001
  3.5299200e-001  5.8970100e-001 -7.2639500e-001 -3.2886700e-001 -3.5746300e-001  8.0247700e-001  4.7775700e-001  2.0247800e-001  8.6464800e-001  9.1015000e-002  4.9406400e-001  6.9859400e-001
  3.5298900e-001  5.8970200e-001 -7.2639500e-001 -3.2886600e-001 -3.5746400e-001  8.0247600e-001  4.7775800e-001  2.0247700e-001  8.6464900e-001  9.1016000e-002  4.9406200e-001  6.9859200e-001
  3.5298600e-001  5.8970100e-001 -7.2639700e-001 -3.2886500e-001 -3.5746000e-001  8.0247600e-001  4.7775900e-001  2.0247700e-001  8.6465200e-001  9.1015000e-002  4.9405800e-001  6.9859000e-001
  3.5298200e-001  5.8970000e-001 -7.2640000e-001 -3.2886600e-001 -3.5745700e-001  8.0247700e-001  4.7776000e-001  2.0247700e-001  8.6465500e-001  9.1016000e-002  4.9405200e-001  6.9858700e-001
  3.5297900e-001  5.8970000e-001 -7.2640200e-001 -3.2886500e-001 -3.5745500e-001  8.0247800e-001  4.7776100e-001  2.0247600e-001  8.6465700e-001  9.1016000e-002  4.9404900e-001  6.9858500e-001
  3.5297700e-001  5.8970100e-001 -7.2640200e-001 -3.2886300e-001 -3.5745600e-001  8.0247600e-001  4.7776200e-001  2.0247600e-001  8.6465700e-001  9.1018000e-002  4.9404800e-001  6.9858400e-001
  3.5297400e-001  5.8969900e-001 -7.2640500e-001 -3.2886400e-001 -3.5745300e-001  8.0247800e-001  4.7776300e-001  2.0247500e-001  8.6466000e-001  9.1017000e-002  4.9404300e-001  6.9858200e-001
  3.5297100e-001  5.8970100e-001 -7.2640500e-001 -3.2886300e-001 -3.5745300e-001  8.0247600e-001  4.7776400e-001  2.0247500e-001  8.6466100e-001  9.1019000e-002  4.9404100e-001  6.9858100e-001
  3.5296900e-001  5.8970100e-001 -7.2640600e-001 -3.2886100e-001 -3.5745300e-001  8.0247600e-001  4.7776500e-001  2.0247400e-001  8.6466200e-001  9.1020000e-002  4.9404000e-001  6.9857900e-001
  3.5296900e-001  5.8970000e-001 -7.2640700e-001 -3.2886000e-001 -3.5745100e-001  8.0247700e-001  4.7776500e-001  2.0247300e-001  8.6466300e-001  9.1018000e-002  4.9403800e-001  6.9857800e-001
  3.5296600e-001  5.8969900e-001 -7.2640900e-001 -3.2885900e-001 -3.5744900e-001  8.0247800e-001  4.7776500e-001  2.0247200e-001  8.6466500e-001  9.1019000e-002  4.9403400e-001  6.9857600e-001
  3.5296700e-001  5.8969900e-001 -7.2640900e-001 -3.2885800e-001 -3.5744900e-001  8.0247800e-001  4.7776500e-001  2.0247100e-001  8.6466400e-001  9.1019000e-002  4.9403600e-001  6.9857700e-001
  3.5296500e-001  5.8970000e-001 -7.2640900e-001 -3.2885800e-001 -3.5744900e-001  8.0247700e-001  4.7776600e-001  2.0247200e-001  8.6466600e-001  9.1019000e-002  4.9403300e-001  6.9857500e-001
  3.5296100e-001  5.8969900e-001 -7.2641100e-001 -3.2885800e-001 -3.5744800e-001  8.0247700e-001  4.7776600e-001  2.0247100e-001  8.6466700e-001  9.1021000e-002  4.9403000e-001  6.9857400e-001
  3.5295900e-001  5.8969800e-001 -7.2641300e-001 -3.2885800e-001 -3.5744500e-001  8.0247800e-001  4.7776700e-001  2.0247100e-001  8.6466900e-001  9.1020000e-002  4.9402700e-001  6.9857200e-001
  3.5295600e-001  5.8969800e-001 -7.2641500e-001 -3.2885800e-001 -3.5744300e-001  8.0247800e-001  4.7776800e-001  2.0247100e-001  8.6467100e-001  9.1021000e-002  4.9402400e-001  6.9857000e-001
  3.5295100e-001  5.8969600e-001 -7.2641800e-001 -3.2885800e-001 -3.5743900e-001  8.0247900e-001  4.7777000e-001  2.0247100e-001  8.6467500e-001  9.1021000e-002  4.9401700e-001  6.9856700e-001
  3.5294800e-001  5.8969600e-001 -7.2642000e-001 -3.2885800e-001 -3.5743800e-001  8.0248000e-001  4.7777100e-001  2.0247100e-001  8.6467700e-001  9.1022000e-002  4.9401300e-001  6.9856500e-001
  3.5294600e-001  5.8969600e-001 -7.2642100e-001 -3.2885700e-001 -3.5743700e-001  8.0248000e-001  4.7777100e-001  2.0247000e-001  8.6467800e-001  9.1022000e-002  4.9401100e-001  6.9856400e-001
  3.5294600e-001  5.8969500e-001 -7.2642200e-001 -3.2885700e-001 -3.5743600e-001  8.0248000e-001  4.7777100e-001  2.0246900e-001  8.6467900e-001  9.1022000e-002  4.9401000e-001  6.9856300e-001
  3.5294400e-001  5.8969500e-001 -7.2642300e-001 -3.2885700e-001 -3.5743500e-001  8.0248100e-001  4.7777100e-001  2.0246900e-001  8.6468000e-001  9.1023000e-002  4.9400800e-001  6.9856200e-001
  3.5294300e-001  5.8969500e-001 -7.2642400e-001 -3.2885600e-001 -3.5743400e-001  8.0248100e-001  4.7777100e-001  2.0246900e-001  8.6468000e-001  9.1023000e-002  4.9400700e-001  6.9856100e-001
  3.5294100e-001  5.8969400e-001 -7.2642500e-001 -3.2885600e-001 -3.5743300e-001  8.0248100e-001  4.7777200e-001  2.0246900e-001  8.6468200e-001  9.1023000e-002  4.9400400e-001  6.9856000e-001
  3.5293900e-001  5.8969600e-001 -7.2642400e-001 -3.2885500e-001 -3.5743500e-001  8.0247900e-001  4.7777300e-001  2.0246900e-001  8.6468100e-001  9.1025000e-002  4.9400500e-001  6.9856000e-001
  3.5293700e-001  5.8969600e-001 -7.2642600e-001 -3.2885500e-001 -3.5743400e-001  8.0248000e-001  4.7777400e-001  2.0246900e-001  8.6468300e-001  9.1025000e-002  4.9400200e-001  6.9855900e-001
  3.5293500e-001  5.8969700e-001 -7.2642600e-001 -3.2885500e-001 -3.5743300e-001  8.0247900e-001  4.7777500e-001  2.0246900e-001  8.6468400e-001  9.1025000e-002  4.9400000e-001  6.9855700e-001
  3.5293400e-001  5.8969800e-001 -7.2642600e-001 -3.2885400e-001 -3.5743300e-001  8.0247800e-001  4.7777700e-001  2.0246900e-001  8.6468500e-001  9.1025000e-002  4.9399900e-001  6.9855700e-001
  3.5293100e-001  5.8969900e-001 -7.2642600e-001 -3.2885400e-001 -3.5743300e-001  8.0247700e-001  4.7777900e-001  2.0247000e-001  8.6468600e-001  9.1025000e-002  4.9399700e-001  6.9855600e-001
  3.5293000e-001  5.8970200e-001 -7.2642400e-001 -3.2885300e-001 -3.5743400e-001  8.0247500e-001  4.7778100e-001  2.0247100e-001  8.6468600e-001  9.1025000e-002  4.9399700e-001  6.9855500e-001
  3.5292800e-001  5.8970200e-001 -7.2642500e-001 -3.2885300e-001 -3.5743300e-001  8.0247400e-001  4.7778300e-001  2.0247100e-001  8.6468700e-001  9.1026000e-002  4.9399400e-001  6.9855400e-001
  3.5292700e-001  5.8970200e-001 -7.2642500e-001 -3.2885200e-001 -3.5743300e-001  8.0247500e-001  4.7778300e-001  2.0247100e-001  8.6468800e-001  9.1026000e-002  4.9399300e-001  6.9855400e-001
  3.5292500e-001  5.8970400e-001 -7.2642500e-001 -3.2885200e-001 -3.5743300e-001  8.0247300e-001  4.7778500e-001  2.0247200e-001  8.6468800e-001  9.1026000e-002  4.9399200e-001  6.9855300e-001
  3.5292400e-001  5.8970500e-001 -7.2642400e-001 -3.2885100e-001 -3.5743300e-001  8.0247200e-001  4.7778600e-001  2.0247200e-001  8.6468800e-001  9.1026000e-002  4.9399200e-001  6.9855300e-001
  3.5292500e-001  5.8970600e-001 -7.2642300e-001 -3.2885100e-001 -3.5743400e-001  8.0247200e-001  4.7778700e-001  2.0247200e-001  8.6468800e-001  9.1026000e-002  4.9399300e-001  6.9855400e-001
  3.5292500e-001  5.8970600e-001 -7.2642300e-001 -3.2885100e-001 -3.5743400e-001  8.0247200e-001  4.7778700e-001  2.0247200e-001  8.6468800e-001  9.1026000e-002  4.9399300e-001  6.9855400e-001
  3.5292600e-001  5.8970200e-001 -7.2642600e-001 -3.2885200e-001 -3.5743300e-001  8.0247400e-001  4.7778300e-001  2.0247000e-001  8.6468800e-001  9.1026000e-002  4.9399300e-001  6.9855400e-001
  3.5292900e-001  5.8969200e-001 -7.2643300e-001 -3.2885500e-001 -3.5742900e-001  8.0248200e-001  4.7777300e-001  2.0246600e-001  8.6468800e-001  9.1028000e-002  4.9399200e-001  6.9855300e-001
  3.5293500e-001  5.8966300e-001 -7.2645300e-001 -3.2886300e-001 -3.5741600e-001  8.0250300e-001  4.7774800e-001  2.0245300e-001  8.6469100e-001  9.1031000e-002  4.9398600e-001  6.9855000e-001
  3.5295100e-001  5.8959100e-001 -7.2650400e-001 -3.2888400e-001 -3.5739000e-001  8.0255400e-001  4.7768100e-001  2.0242000e-001  8.6469500e-001  9.1047000e-002  4.9397600e-001  6.9854400e-001
  3.5298100e-001  5.8947400e-001 -7.2658500e-001 -3.2891700e-001 -3.5734200e-001  8.0263800e-001  4.7757500e-001  2.0236800e-001  8.6470300e-001  9.1065000e-002  4.9396000e-001  6.9853600e-001
  3.5303200e-001  5.8928600e-001 -7.2671200e-001 -3.2896900e-001 -3.5726800e-001  8.0277300e-001  4.7740500e-001  2.0228500e-001  8.6471300e-001  9.1092000e-002  4.9393700e-001  6.9852600e-001
  3.5309700e-001  5.8904100e-001 -7.2687900e-001 -3.2903700e-001 -3.5716700e-001  8.0294900e-001  4.7718400e-001  2.0217600e-001  8.6472800e-001  9.1125000e-002  4.9390500e-001  6.9851100e-001
  3.5318100e-001  5.8871300e-001 -7.2710400e-001 -3.2912900e-001 -3.5703600e-001  8.0318400e-001  4.7688700e-001  2.0203100e-001  8.6474800e-001  9.1175000e-002  4.9386100e-001  6.9849100e-001
  3.5327900e-001  5.8827100e-001 -7.2741400e-001 -3.2925100e-001 -3.5685100e-001  8.0350000e-001  4.7649300e-001  2.0183500e-001  8.6478400e-001  9.1243000e-002  4.9378500e-001  6.9845700e-001
  3.5338400e-001  5.8773100e-001 -7.2779900e-001 -3.2939900e-001 -3.5661200e-001  8.0388600e-001  4.7602100e-001  2.0159700e-001  8.6483900e-001  9.1324000e-002  4.9367300e-001  6.9840400e-001
  3.5348700e-001  5.8707600e-001 -7.2827800e-001 -3.2957700e-001 -3.5630700e-001  8.0435300e-001  4.7545900e-001  2.0131100e-001  8.6492300e-001  9.1422000e-002  4.9350800e-001  6.9832800e-001
  3.5360600e-001  5.8626100e-001 -7.2887700e-001 -3.2979500e-001 -3.5590800e-001  8.0493500e-001  4.7477300e-001  2.0095900e-001  8.6503900e-001  9.1530000e-002  4.9328500e-001  6.9821900e-001
  3.5372700e-001  5.8528100e-001 -7.2960500e-001 -3.3005200e-001 -3.5540500e-001  8.0563400e-001  4.7396300e-001  2.0053900e-001  8.6519600e-001  9.1652000e-002  4.9298700e-001  6.9806800e-001
  3.5382000e-001  5.8413900e-001 -7.3047500e-001 -3.3035100e-001 -3.5480900e-001  8.0644400e-001  4.7303000e-001  2.0004800e-001  8.6540300e-001  9.1811000e-002  4.9259400e-001  6.9786600e-001
  3.5386200e-001  5.8284100e-001 -7.3149000e-001 -3.3068900e-001 -3.5410500e-001  8.0736100e-001  4.7199300e-001  1.9949000e-001  8.6567400e-001  9.2004000e-002  4.9208200e-001  6.9760100e-001
  3.5390000e-001  5.8133300e-001 -7.3267100e-001 -3.3107500e-001 -3.5326300e-001  8.0842400e-001  4.7080300e-001  1.9884900e-001  8.6600200e-001  9.2209000e-002  4.9146500e-001  6.9728100e-001
  3.5389600e-001  5.7969300e-001 -7.3397100e-001 -3.3149400e-001 -3.5233700e-001  8.0957400e-001  4.6952000e-001  1.9815000e-001  8.6638100e-001  9.2444000e-002  4.9075200e-001  6.9691000e-001
  3.5388000e-001  5.7792900e-001 -7.3536900e-001 -3.3193900e-001 -3.5134000e-001  8.1080500e-001  4.6814000e-001  1.9739800e-001  8.6679200e-001  9.2699000e-002  4.8997800e-001  6.9650500e-001
  3.5390000e-001  5.7599300e-001 -7.3687600e-001 -3.3242900e-001 -3.5027100e-001  8.1215000e-001  4.6660700e-001  1.9657100e-001  8.6721700e-001  9.2975000e-002  4.8917300e-001  6.9608700e-001
  3.5390200e-001  5.7397700e-001 -7.3844700e-001 -3.3293300e-001 -3.4915000e-001  8.1354400e-001  4.6501700e-001  1.9571300e-001  8.6766800e-001  9.3258000e-002  4.8831900e-001  6.9563900e-001
  3.5393400e-001  5.7186300e-001 -7.4007000e-001 -3.3346100e-001 -3.4800700e-001  8.1499600e-001  4.6332800e-001  1.9480800e-001  8.6811400e-001  9.3562000e-002  4.8746700e-001  6.9519400e-001
  3.5401700e-001  5.6962900e-001 -7.4175100e-001 -3.3401500e-001 -3.4682000e-001  8.1652400e-001  4.6152300e-001  1.9385300e-001  8.6855500e-001  9.3867000e-002  4.8662200e-001  6.9475200e-001
  3.5416800e-001  5.6730700e-001 -7.4345600e-001 -3.3459000e-001 -3.4563500e-001  8.1810200e-001  4.5961300e-001  1.9285700e-001  8.6896500e-001  9.4184000e-002  4.8582800e-001  6.9433800e-001
  3.5433000e-001  5.6488700e-001 -7.4522000e-001 -3.3518400e-001 -3.4440100e-001  8.1973800e-001  4.5762100e-001  1.9182000e-001  8.6939000e-001  9.4506000e-002  4.8500500e-001  6.9390800e-001
  3.5455800e-001  5.6233900e-001 -7.4703600e-001 -3.3580800e-001 -3.4314600e-001  8.2144900e-001  4.5549100e-001  1.9072400e-001  8.6979300e-001  9.4844000e-002  4.8421600e-001  6.9349500e-001
  3.5478600e-001  5.5974700e-001 -7.4887200e-001 -3.3643700e-001 -3.4186800e-001  8.2317900e-001  4.5332500e-001  1.8961200e-001  8.7020300e-001  9.5182000e-002  4.8341200e-001  6.9307500e-001
  3.5506900e-001  5.5704500e-001 -7.5075100e-001 -3.3709000e-001 -3.4056900e-001  8.2496900e-001  4.5104100e-001  1.8844900e-001  8.7059700e-001  9.5532000e-002  4.8263400e-001  6.9267100e-001
  3.5537700e-001  5.5422000e-001 -7.5269300e-001 -3.3776700e-001 -3.3922800e-001  8.2682800e-001  4.4864300e-001  1.8723300e-001  8.7099500e-001  9.5897000e-002  4.8184300e-001  6.9225900e-001
  3.5567500e-001  5.5129000e-001 -7.5470100e-001 -3.3846300e-001 -3.3783400e-001  8.2874000e-001  4.4616000e-001  1.8597400e-001  8.7141500e-001  9.6276000e-002  4.8100700e-001  6.9182500e-001
  3.5594100e-001  5.4827600e-001 -7.5676900e-001 -3.3917200e-001 -3.3638600e-001  8.3069200e-001  4.4361600e-001  1.8468100e-001  8.7186600e-001  9.6666000e-002  4.8010900e-001  6.9136100e-001
  3.5617000e-001  5.4521000e-001 -7.5887400e-001 -3.3988800e-001 -3.3488900e-001  8.3266300e-001  4.4104600e-001  1.8337500e-001  8.7234900e-001  9.7052000e-002  4.7915400e-001  6.9087400e-001
  3.5635100e-001  5.4209500e-001 -7.6101800e-001 -3.4061000e-001 -3.3336100e-001  8.3464700e-001  4.3844500e-001  1.8204900e-001  8.7286000e-001  9.7454000e-002  4.7814100e-001  6.9035300e-001
  3.5644100e-001  5.3891800e-001 -7.6322800e-001 -3.4133000e-001 -3.3176500e-001  8.3665400e-001  4.3582500e-001  1.8070000e-001  8.7343100e-001  9.7866000e-002  4.7701200e-001  6.8977200e-001
  3.5646500e-001  5.3571900e-001 -7.6546500e-001 -3.4204500e-001 -3.3014500e-001  8.3865600e-001  4.3319900e-001  1.7934100e-001  8.7403500e-001  9.8294000e-002  4.7581700e-001  6.8916300e-001
  3.5635500e-001  5.3245400e-001 -7.6779200e-001 -3.4277600e-001 -3.2843100e-001  8.4068100e-001  4.3056800e-001  1.7797000e-001  8.7472500e-001  9.8731000e-002  4.7445500e-001  6.8848200e-001
  3.5619400e-001  5.2914400e-001 -7.7015100e-001 -3.4351100e-001 -3.2668600e-001  8.4271600e-001  4.2790900e-001  1.7658400e-001  8.7544400e-001  9.9179000e-002  4.7303400e-001  6.8775900e-001
  3.5592600e-001  5.2578000e-001 -7.7257500e-001 -3.4426100e-001 -3.2486400e-001  8.4476600e-001  4.2524500e-001  1.7519300e-001  8.7623100e-001  9.9626000e-002  4.7148100e-001  6.8698200e-001
  3.5556500e-001  5.2232600e-001 -7.7508000e-001 -3.4504300e-001 -3.2297000e-001  8.4685200e-001  4.2253200e-001  1.7378100e-001  8.7707700e-001  1.0009000e-001  4.6980600e-001  6.8615900e-001
  3.5514400e-001  5.1883100e-001 -7.7761600e-001 -3.4584900e-001 -3.2102200e-001  8.4894400e-001  4.1980800e-001  1.7237700e-001  8.7796200e-001  1.0054000e-001  4.6805300e-001  6.8530700e-001
  3.5457400e-001  5.1523800e-001 -7.8026100e-001 -3.4669900e-001 -3.1897500e-001  8.5107400e-001  4.1704700e-001  1.7095800e-001  8.7893800e-001  1.0101000e-001  4.6611600e-001  6.8441100e-001
  3.5386700e-001  5.1157100e-001 -7.8299000e-001 -3.4758700e-001 -3.1682600e-001  8.5322800e-001  4.1427400e-001  1.6954200e-001  8.8000000e-001  1.0147400e-001  4.6400800e-001  6.8348400e-001
  3.5298800e-001  5.0786100e-001 -7.8579700e-001 -3.4850300e-001 -3.1458700e-001  8.5538600e-001  4.1152100e-001  1.6813800e-001  8.8115500e-001  1.0194000e-001  4.6170700e-001  6.8254000e-001
  3.5179800e-001  5.0412900e-001 -7.8872800e-001 -3.4945700e-001 -3.1220400e-001  8.5753500e-001  4.0885500e-001  1.6677300e-001  8.8247800e-001  1.0241000e-001  4.5907000e-001  6.8154400e-001
  3.5023400e-001  5.0036600e-001 -7.9181400e-001 -3.5042500e-001 -3.0965400e-001  8.5967800e-001  4.0628600e-001  1.6543300e-001  8.8399700e-001  1.0289300e-001  4.5602900e-001  6.8052900e-001
  3.4820700e-001  4.9657800e-001 -7.9508600e-001 -3.5142300e-001 -3.0690400e-001  8.6181200e-001  4.0384300e-001  1.6413600e-001  8.8575500e-001  1.0339400e-001  4.5249100e-001  6.7949500e-001
  3.4613500e-001  4.9279400e-001 -7.9833800e-001 -3.5245000e-001 -3.0416400e-001  8.6392200e-001  4.0140100e-001  1.6286100e-001  8.8751000e-001  1.0388700e-001  4.4892400e-001  6.7841100e-001
  3.4412200e-001  4.8902800e-001 -8.0151800e-001 -3.5345900e-001 -3.0148000e-001  8.6600200e-001  3.9893500e-001  1.6158800e-001  8.8920700e-001  1.0436000e-001  4.4544300e-001  6.7734800e-001
  3.4215600e-001  4.8525000e-001 -8.0465000e-001 -3.5454300e-001 -2.9880800e-001  8.6807300e-001  3.9643800e-001  1.6035200e-001  8.9086700e-001  1.0479200e-001  4.4201300e-001  6.7621900e-001
  3.4009900e-001  4.8141900e-001 -8.0781700e-001 -3.5560200e-001 -2.9610400e-001  8.7015100e-001  3.9390400e-001  1.5908700e-001  8.9255600e-001  1.0523200e-001  4.3848700e-001  6.7515200e-001
  3.3773200e-001  4.7760000e-001 -8.1107100e-001 -3.5672300e-001 -2.9327600e-001  8.7220200e-001  3.9147600e-001  1.5789000e-001  8.9438600e-001  1.0565400e-001  4.3463900e-001  6.7398100e-001
  3.3498600e-001  4.7375300e-001 -8.1445800e-001 -3.5782700e-001 -2.9030100e-001  8.7424500e-001  3.8912900e-001  1.5670200e-001  8.9638700e-001  1.0608500e-001  4.3039100e-001  6.7285700e-001
  3.3189600e-001  4.6995600e-001 -8.1791600e-001 -3.5895300e-001 -2.8723000e-001  8.7624000e-001  3.8691400e-001  1.5557800e-001  8.9852300e-001  1.0651500e-001  4.2580600e-001  6.7174200e-001
  3.2833300e-001  4.6618400e-001 -8.2150500e-001 -3.6012300e-001 -2.8399500e-001  8.7820000e-001  3.8485200e-001  1.5452700e-001  9.0085700e-001  1.0694400e-001  4.2073600e-001  6.7059000e-001
  3.2469800e-001  4.6250800e-001 -8.2502000e-001 -3.6125600e-001 -2.8080000e-001  8.8009200e-001  3.8286900e-001  1.5351400e-001  9.0317400e-001  1.0734900e-001  4.1563600e-001  6.6950000e-001
  3.2107500e-001  4.5889600e-001 -8.2844800e-001 -3.6241000e-001 -2.7765300e-001  8.8193600e-001  3.8091700e-001  1.5254500e-001  9.0543900e-001  1.0771800e-001  4.1058100e-001  6.6839000e-001
  3.1732200e-001  4.5540600e-001 -8.3181300e-001 -3.6358000e-001 -2.7450100e-001  8.8370500e-001  3.7909800e-001  1.5165800e-001  9.0772000e-001  1.0803700e-001  4.0542800e-001  6.6725800e-001
  3.1334000e-001  4.5191500e-001 -8.3521900e-001 -3.6475400e-001 -2.7120600e-001  8.8546600e-001  3.7735700e-001  1.5078700e-001  9.1009100e-001  1.0827500e-001  4.0001400e-001  6.6614900e-001
  3.0877700e-001  4.4846500e-001 -8.3877000e-001 -3.6596800e-001 -2.6775000e-001  8.8718500e-001  3.7578400e-001  1.5000100e-001  9.1267000e-001  1.0854800e-001  3.9401900e-001  6.6496000e-001
  3.0405800e-001  4.4501300e-001 -8.4232500e-001 -3.6716500e-001 -2.6422500e-001  8.8889300e-001  3.7423700e-001  1.4921300e-001  9.1527800e-001  1.0877300e-001  3.8785900e-001  6.6380000e-001
  2.9915100e-001  4.4152500e-001 -8.4591100e-001 -3.6844000e-001 -2.6046700e-001  8.9062500e-001  3.7275100e-001  1.4845300e-001  9.1796800e-001  1.0882300e-001  3.8143400e-001  6.6253100e-001
  2.9425200e-001  4.3819400e-001 -8.4935300e-001 -3.6968200e-001 -2.5649300e-001  8.9230300e-001  3.7149300e-001  1.4774400e-001  9.2066700e-001  1.0854100e-001  3.7495600e-001  6.6129000e-001
  2.8900000e-001  4.3495800e-001 -8.5281300e-001 -3.7096100e-001 -2.5204000e-001  8.9396800e-001  3.7053600e-001  1.4711000e-001  9.2355500e-001  1.0785800e-001  3.6798400e-001  6.5997700e-001
  2.8385000e-001  4.3183800e-001 -8.5612200e-001 -3.7220100e-001 -2.4717800e-001  8.9562400e-001  3.6981100e-001  1.4647900e-001  9.2646200e-001  1.0664300e-001  3.6096300e-001  6.5868300e-001
  2.7885100e-001  4.2900700e-001 -8.5918300e-001 -3.7347300e-001 -2.4152600e-001  8.9724300e-001  3.6962300e-001  1.4595400e-001  9.2946600e-001  1.0444500e-001  3.5381300e-001  6.5729000e-001
  2.7412900e-001  4.2637100e-001 -8.6201000e-001 -3.7472700e-001 -2.3502600e-001  8.9886900e-001  3.6986100e-001  1.4543800e-001  9.3253200e-001  1.0120500e-001  3.4661400e-001  6.5590200e-001
  2.6946200e-001  4.2403600e-001 -8.6462900e-001 -3.7596400e-001 -2.2777500e-001  9.0042700e-001  3.7060600e-001  1.4501200e-001  9.3568600e-001  9.7076000e-002  3.3921600e-001  6.5447800e-001
  2.6493800e-001  4.2189500e-001 -8.6707100e-001 -3.7722200e-001 -2.1996800e-001  9.0193800e-001  3.7164800e-001  1.4463600e-001  9.3884100e-001  9.2264000e-002  3.3176100e-001  6.5299400e-001
  2.6081900e-001  4.1994200e-001 -8.6926500e-001 -3.7846000e-001 -2.1199200e-001  9.0336700e-001  3.7280900e-001  1.4428400e-001  9.4182400e-001  8.7042000e-002  3.2464000e-001  6.5149500e-001
  2.5676100e-001  4.1809300e-001 -8.7136200e-001 -3.7972400e-001 -2.0396900e-001  9.0472300e-001  3.7399700e-001  1.4397400e-001  9.4470600e-001  8.1703000e-002  3.1757600e-001  6.4995400e-001
  2.5280900e-001  4.1635300e-001 -8.7334900e-001 -3.8095900e-001 -1.9610200e-001  9.0598600e-001  3.7514600e-001  1.4369300e-001  9.4743400e-001  7.6425000e-002  3.1068900e-001  6.4844300e-001
  2.4894300e-001  4.1466600e-001 -8.7526000e-001 -3.8221000e-001 -1.8848100e-001  9.0717400e-001  3.7617800e-001  1.4343300e-001  9.5000100e-001  7.1323000e-002  3.0399200e-001  6.4688400e-001
  2.4544300e-001  4.1317900e-001 -8.7695000e-001 -3.8343000e-001 -1.8127900e-001  9.0822600e-001  3.7717800e-001  1.4323600e-001  9.5231100e-001  6.6397000e-002  2.9781900e-001  6.4531900e-001
  2.4230700e-001  4.1178500e-001 -8.7847600e-001 -3.8465000e-001 -1.7462200e-001  9.0918300e-001  3.7801300e-001  1.4306700e-001  9.5435600e-001  6.1806000e-002  2.9220800e-001  6.4373300e-001
  2.3924600e-001  4.1040300e-001 -8.7996100e-001 -3.8589800e-001 -1.6831800e-001  9.1008900e-001  3.7869200e-001  1.4292100e-001  9.5625900e-001  5.7512000e-002  2.8681300e-001  6.4209200e-001
  2.3630900e-001  4.0910400e-001 -8.8135800e-001 -3.8712200e-001 -1.6235100e-001  9.1092100e-001  3.7929600e-001  1.4279700e-001  9.5801900e-001  5.3458000e-002  2.8167700e-001  6.4044200e-001
  2.3320800e-001  4.0788700e-001 -8.8274700e-001 -3.8835700e-001 -1.5661900e-001  9.1168100e-001  3.7988000e-001  1.4273900e-001  9.5973100e-001  4.9664000e-002  2.7649400e-001  6.3873400e-001
  2.2984000e-001  4.0668900e-001 -8.8418200e-001 -3.8959000e-001 -1.5098800e-001  9.1240400e-001  3.8042200e-001  1.4270600e-001  9.6144500e-001  4.6064000e-002  2.7111200e-001  6.3703400e-001
  2.2656100e-001  4.0568900e-001 -8.8548700e-001 -3.9081100e-001 -1.4553500e-001  9.1302100e-001  3.8106700e-001  1.4275800e-001  9.6306300e-001  4.2534000e-002  2.6589700e-001  6.3530800e-001
  2.2315800e-001  4.0474600e-001 -8.8678100e-001 -3.9204700e-001 -1.4003100e-001  9.1359800e-001  3.8174700e-001  1.4284000e-001  9.6467200e-001  3.8987000e-002  2.6055400e-001  6.3356600e-001
  2.1978000e-001  4.0393800e-001 -8.8799300e-001 -3.9327100e-001 -1.3433900e-001  9.1410800e-001  3.8256900e-001  1.4295800e-001  9.6625600e-001  3.5211000e-002  2.5516700e-001  6.3184300e-001
  2.1688100e-001  4.0331900e-001 -8.8898600e-001 -3.9449500e-001 -1.2875800e-001  9.1452400e-001  3.8349300e-001  1.4312200e-001  9.6766900e-001  3.1292000e-002  2.5027300e-001  6.3011300e-001
  2.1440600e-001  4.0287400e-001 -8.8978800e-001 -3.9570000e-001 -1.2309200e-001  9.1485500e-001  3.8456300e-001  1.4330300e-001  9.6895700e-001  2.7073000e-002  2.4574100e-001  6.2842400e-001
  2.1183200e-001  4.0258300e-001 -8.9053600e-001 -3.9690800e-001 -1.1712000e-001  9.1510500e-001  3.8583100e-001  1.4353800e-001  9.7026300e-001  2.2568000e-002  2.4099900e-001  6.2672000e-001
  2.0900700e-001  4.0230500e-001 -8.9132800e-001 -3.9810900e-001 -1.1078500e-001  9.1533200e-001  3.8716100e-001  1.4376000e-001  9.7161800e-001  1.7827000e-002  2.3588100e-001  6.2501300e-001
  2.0689100e-001  4.0224500e-001 -8.9184900e-001 -3.9931300e-001 -1.0447400e-001  9.1544300e-001  3.8865100e-001  1.4400600e-001  9.7277000e-001  1.2766000e-002  2.3142100e-001  6.2328500e-001
  2.0512300e-001  4.0226100e-001 -8.9225000e-001 -4.0053100e-001 -9.7996000e-002  9.1549500e-001  3.9021200e-001  1.4423600e-001  9.7381800e-001  7.3960000e-003  2.2720900e-001  6.2155900e-001
  2.0345800e-001  4.0233100e-001 -8.9260000e-001 -4.0173600e-001 -9.1300000e-002  9.1549300e-001  3.9183900e-001  1.4444600e-001  9.7481700e-001  1.7710000e-003  2.2299800e-001  6.1986100e-001
  2.0178000e-001  4.0255700e-001 -8.9287900e-001 -4.0292900e-001 -8.4477000e-002  9.1538600e-001  3.9361400e-001  1.4470000e-001  9.7578100e-001 -3.9950000e-003  2.1871300e-001  6.1813800e-001
  2.0007200e-001  4.0272200e-001 -8.9318900e-001 -4.0413600e-001 -7.7668000e-002  9.1527100e-001  3.9528100e-001  1.4491200e-001  9.7669800e-001 -9.7130000e-003  2.1439900e-001  6.1640400e-001
  1.9826800e-001  4.0289300e-001 -8.9351400e-001 -4.0534300e-001 -7.1027000e-002  9.1512000e-001  3.9687500e-001  1.4512800e-001  9.7757100e-001 -1.5224000e-002  2.1005600e-001  6.1465400e-001
  1.9631000e-001  4.0303600e-001 -8.9388100e-001 -4.0655400e-001 -6.4683000e-002  9.1495700e-001  3.9833400e-001  1.4534500e-001  9.7840600e-001 -2.0378000e-002  2.0568500e-001  6.1288400e-001
  1.9427000e-001  4.0313000e-001 -8.9428500e-001 -4.0774300e-001 -5.8747000e-002  9.1479900e-001  3.9961500e-001  1.4554800e-001  9.7918700e-001 -2.5097000e-002  2.0140000e-001  6.1114100e-001
  1.9198600e-001  4.0321100e-001 -8.9474200e-001 -4.0891600e-001 -5.3436000e-002  9.1464400e-001  4.0071400e-001  1.4579000e-001  9.7994200e-001 -2.9121000e-002  1.9714500e-001  6.0939100e-001
  1.8936300e-001  4.0313200e-001 -8.9533600e-001 -4.1008000e-001 -4.9101000e-002  9.1458100e-001  4.0141200e-001  1.4603900e-001  9.8067900e-001 -3.2051000e-002  1.9298100e-001  6.0764500e-001
  1.8637100e-001  4.0292100e-001 -8.9605800e-001 -4.1122500e-001 -4.5812000e-002  9.1461000e-001  4.0173400e-001  1.4631700e-001  9.8141100e-001 -3.3822000e-002  1.8891600e-001  6.0590100e-001
  1.8305400e-001  4.0262900e-001 -8.9687300e-001 -4.1233600e-001 -4.3553000e-002  9.1471400e-001  4.0174800e-001  1.4664700e-001  9.8213800e-001 -3.4480000e-002  1.8497800e-001  6.0417600e-001
  1.7968600e-001  4.0232500e-001 -8.9769000e-001 -4.1341500e-001 -4.1675000e-002  9.1483700e-001  4.0166700e-001  1.4699000e-001  9.8284100e-001 -3.4763000e-002  1.8115000e-001  6.0248400e-001
  1.7631500e-001  4.0215700e-001 -8.9843300e-001 -4.1446400e-001 -3.9843000e-002  9.1490000e-001  4.0170900e-001  1.4738700e-001  9.8352700e-001 -3.5031000e-002  1.7733300e-001  6.0079400e-001
  1.7297100e-001  4.0210000e-001 -8.9910900e-001 -4.1547800e-001 -3.8060000e-002  9.1491500e-001  4.0184700e-001  1.4782300e-001  9.8419100e-001 -3.5288000e-002  1.7355800e-001  5.9911800e-001
  1.6967500e-001  4.0217200e-001 -8.9970400e-001 -4.1644900e-001 -3.6346000e-002  9.1487500e-001  4.0209900e-001  1.4830400e-001  9.8483000e-001 -3.5525000e-002  1.6984900e-001  5.9746900e-001
  1.6641300e-001  4.0233000e-001 -9.0024300e-001 -4.1739100e-001 -3.4679000e-002  9.1479700e-001  4.0242300e-001  1.4881400e-001  9.8544600e-001 -3.5749000e-002  1.6618600e-001  5.9583400e-001
  1.6323600e-001  4.0255200e-001 -9.0072500e-001 -4.1828600e-001 -3.3106000e-002  9.1469200e-001  4.0279500e-001  1.4933700e-001  9.8603100e-001 -3.5931000e-002  1.6263800e-001  5.9424900e-001
  1.6009400e-001  4.0284900e-001 -9.0115600e-001 -4.1914400e-001 -3.1640000e-002  9.1455700e-001  4.0321900e-001  1.4988800e-001  9.8659500e-001 -3.6040000e-002  1.5916100e-001  5.9269100e-001
  1.5697700e-001  4.0312000e-001 -9.0158300e-001 -4.1997400e-001 -3.0372000e-002  9.1444000e-001  4.0358100e-001  1.5042900e-001  9.8713500e-001 -3.5970000e-002  1.5579000e-001  5.9116900e-001
