 -5.8784000e-002  6.8038400e-001 -7.3049400e-001 -3.6214600e-001  2.6345400e-001  7.1639100e-001  6.4604700e-001  3.2479700e-001  9.6287900e-001 -1.5447400e-001 -2.2136200e-001  5.0375000e-001
 -5.8785000e-002  6.8038400e-001 -7.3049400e-001 -3.6214600e-001  2.6345400e-001  7.1639100e-001  6.4604700e-001  3.2479700e-001  9.6287900e-001 -1.5447400e-001 -2.2136300e-001  5.0374900e-001
 -5.8784000e-002  6.8038300e-001 -7.3049500e-001 -3.6214600e-001  2.6345400e-001  7.1639100e-001  6.4604600e-001  3.2479600e-001  9.6287900e-001 -1.5447400e-001 -2.2136200e-001  5.0375000e-001
 -5.8784000e-002  6.8038300e-001 -7.3049500e-001 -3.6214600e-001  2.6345400e-001  7.1639100e-001  6.4604600e-001  3.2479600e-001  9.6287900e-001 -1.5447400e-001 -2.2136200e-001  5.0375000e-001
 -5.8785000e-002  6.8038300e-001 -7.3049500e-001 -3.6214600e-001  2.6345400e-001  7.1639100e-001  6.4604600e-001  3.2479600e-001  9.6287900e-001 -1.5447400e-001 -2.2136300e-001  5.0374900e-001
 -5.8784000e-002  6.8038300e-001 -7.3049500e-001 -3.6214600e-001  2.6345400e-001  7.1639100e-001  6.4604600e-001  3.2479600e-001  9.6287900e-001 -1.5447400e-001 -2.2136200e-001  5.0375000e-001
 -5.8784000e-002  6.8038300e-001 -7.3049500e-001 -3.6214600e-001  2.6345400e-001  7.1639100e-001  6.4604600e-001  3.2479600e-001  9.6287900e-001 -1.5447400e-001 -2.2136200e-001  5.0375000e-001
 -5.8785000e-002  6.8038300e-001 -7.3049500e-001 -3.6214600e-001  2.6345400e-001  7.1639100e-001  6.4604600e-001  3.2479600e-001  9.6287900e-001 -1.5447400e-001 -2.2136300e-001  5.0374900e-001
 -5.8784000e-002  6.8038300e-001 -7.3049500e-001 -3.6214600e-001  2.6345400e-001  7.1639100e-001  6.4604600e-001  3.2479600e-001  9.6287900e-001 -1.5447400e-001 -2.2136200e-001  5.0375000e-001
 -5.8785000e-002  6.8038300e-001 -7.3049500e-001 -3.6214600e-001  2.6345400e-001  7.1639100e-001  6.4604600e-001  3.2479600e-001  9.6287900e-001 -1.5447400e-001 -2.2136300e-001  5.0374900e-001
 -5.8785000e-002  6.8038300e-001 -7.3049500e-001 -3.6214600e-001  2.6345400e-001  7.1639100e-001  6.4604600e-001  3.2479600e-001  9.6287900e-001 -1.5447400e-001 -2.2136300e-001  5.0374900e-001
 -5.8784000e-002  6.8038300e-001 -7.3049500e-001 -3.6214600e-001  2.6345400e-001  7.1639100e-001  6.4604600e-001  3.2479600e-001  9.6287900e-001 -1.5447400e-001 -2.2136200e-001  5.0375000e-001
 -5.8784000e-002  6.8038300e-001 -7.3049500e-001 -3.6214600e-001  2.6345400e-001  7.1639100e-001  6.4604600e-001  3.2479600e-001  9.6287900e-001 -1.5447400e-001 -2.2136200e-001  5.0375000e-001
 -5.8785000e-002  6.8038300e-001 -7.3049500e-001 -3.6214600e-001  2.6345400e-001  7.1639100e-001  6.4604600e-001  3.2479600e-001  9.6287900e-001 -1.5447400e-001 -2.2136300e-001  5.0374900e-001
 -5.8785000e-002  6.8038300e-001 -7.3049500e-001 -3.6214600e-001  2.6345400e-001  7.1639100e-001  6.4604600e-001  3.2479600e-001  9.6287900e-001 -1.5447400e-001 -2.2136300e-001  5.0374900e-001
 -5.8784000e-002  6.8038200e-001 -7.3049600e-001 -3.6214700e-001  2.6345400e-001  7.1639200e-001  6.4604500e-001  3.2479600e-001  9.6287900e-001 -1.5447400e-001 -2.2136200e-001  5.0375000e-001
 -5.8785000e-002  6.8038200e-001 -7.3049600e-001 -3.6214700e-001  2.6345500e-001  7.1639200e-001  6.4604500e-001  3.2479600e-001  9.6287900e-001 -1.5447500e-001 -2.2136300e-001  5.0374900e-001
 -5.8785000e-002  6.8038200e-001 -7.3049600e-001 -3.6214700e-001  2.6345500e-001  7.1639200e-001  6.4604500e-001  3.2479600e-001  9.6287900e-001 -1.5447500e-001 -2.2136300e-001  5.0374900e-001
 -5.8785000e-002  6.8038200e-001 -7.3049600e-001 -3.6214700e-001  2.6345500e-001  7.1639200e-001  6.4604500e-001  3.2479600e-001  9.6287900e-001 -1.5447500e-001 -2.2136300e-001  5.0374900e-001
 -5.8785000e-002  6.8038200e-001 -7.3049600e-001 -3.6214700e-001  2.6345500e-001  7.1639200e-001  6.4604500e-001  3.2479600e-001  9.6287900e-001 -1.5447500e-001 -2.2136300e-001  5.0374900e-001
 -5.8785000e-002  6.8038200e-001 -7.3049600e-001 -3.6214700e-001  2.6345500e-001  7.1639200e-001  6.4604500e-001  3.2479600e-001  9.6287900e-001 -1.5447500e-001 -2.2136300e-001  5.0374900e-001
 -5.8785000e-002  6.8038200e-001 -7.3049600e-001 -3.6214700e-001  2.6345500e-001  7.1639200e-001  6.4604500e-001  3.2479600e-001  9.6287900e-001 -1.5447500e-001 -2.2136300e-001  5.0374900e-001
 -5.8785000e-002  6.8038200e-001 -7.3049600e-001 -3.6214700e-001  2.6345500e-001  7.1639200e-001  6.4604500e-001  3.2479600e-001  9.6287900e-001 -1.5447500e-001 -2.2136300e-001  5.0374900e-001
 -5.8786000e-002  6.8038200e-001 -7.3049600e-001 -3.6214700e-001  2.6345500e-001  7.1639200e-001  6.4604500e-001  3.2479600e-001  9.6287900e-001 -1.5447500e-001 -2.2136400e-001  5.0374900e-001
 -5.8786000e-002  6.8038200e-001 -7.3049600e-001 -3.6214700e-001  2.6345500e-001  7.1639200e-001  6.4604500e-001  3.2479600e-001  9.6287900e-001 -1.5447500e-001 -2.2136400e-001  5.0374900e-001
 -5.8785000e-002  6.8038200e-001 -7.3049600e-001 -3.6214700e-001  2.6345500e-001  7.1639200e-001  6.4604500e-001  3.2479600e-001  9.6287900e-001 -1.5447500e-001 -2.2136300e-001  5.0374900e-001
 -5.8785000e-002  6.8038200e-001 -7.3049600e-001 -3.6214700e-001  2.6345500e-001  7.1639200e-001  6.4604500e-001  3.2479600e-001  9.6287900e-001 -1.5447500e-001 -2.2136300e-001  5.0374900e-001
 -5.8786000e-002  6.8038200e-001 -7.3049600e-001 -3.6214700e-001  2.6345500e-001  7.1639200e-001  6.4604500e-001  3.2479600e-001  9.6287900e-001 -1.5447500e-001 -2.2136400e-001  5.0374900e-001
 -5.8785000e-002  6.8038300e-001 -7.3049500e-001 -3.6214600e-001  2.6345500e-001  7.1639100e-001  6.4604600e-001  3.2479700e-001  9.6287900e-001 -1.5447500e-001 -2.2136300e-001  5.0374900e-001
 -5.8785000e-002  6.8038200e-001 -7.3049600e-001 -3.6214700e-001  2.6345500e-001  7.1639200e-001  6.4604500e-001  3.2479600e-001  9.6287900e-001 -1.5447500e-001 -2.2136300e-001  5.0374900e-001
 -5.8784000e-002  6.8038300e-001 -7.3049500e-001 -3.6214600e-001  2.6345700e-001  7.1639100e-001  6.4604600e-001  3.2479600e-001  9.6287800e-001 -1.5447700e-001 -2.2136400e-001  5.0374900e-001
 -5.8785000e-002  6.8038300e-001 -7.3049500e-001 -3.6214600e-001  2.6345500e-001  7.1639100e-001  6.4604600e-001  3.2479700e-001  9.6287900e-001 -1.5447500e-001 -2.2136300e-001  5.0374900e-001
 -5.8785000e-002  6.8038300e-001 -7.3049500e-001 -3.6214600e-001  2.6345500e-001  7.1639100e-001  6.4604600e-001  3.2479700e-001  9.6287900e-001 -1.5447500e-001 -2.2136300e-001  5.0374900e-001
 -5.8785000e-002  6.8038300e-001 -7.3049500e-001 -3.6214600e-001  2.6345500e-001  7.1639100e-001  6.4604600e-001  3.2479700e-001  9.6287900e-001 -1.5447500e-001 -2.2136300e-001  5.0374900e-001
 -5.8785000e-002  6.8038300e-001 -7.3049500e-001 -3.6214600e-001  2.6345500e-001  7.1639100e-001  6.4604600e-001  3.2479700e-001  9.6287900e-001 -1.5447500e-001 -2.2136300e-001  5.0374900e-001
 -5.8785000e-002  6.8038300e-001 -7.3049500e-001 -3.6214600e-001  2.6345500e-001  7.1639100e-001  6.4604600e-001  3.2479700e-001  9.6287900e-001 -1.5447500e-001 -2.2136300e-001  5.0374900e-001
 -5.8785000e-002  6.8038300e-001 -7.3049500e-001 -3.6214600e-001  2.6345500e-001  7.1639100e-001  6.4604600e-001  3.2479700e-001  9.6287900e-001 -1.5447500e-001 -2.2136300e-001  5.0374900e-001
 -5.8785000e-002  6.8038300e-001 -7.3049500e-001 -3.6214600e-001  2.6345500e-001  7.1639100e-001  6.4604600e-001  3.2479700e-001  9.6287900e-001 -1.5447500e-001 -2.2136300e-001  5.0374900e-001
 -5.8785000e-002  6.8038300e-001 -7.3049500e-001 -3.6214600e-001  2.6345500e-001  7.1639100e-001  6.4604600e-001  3.2479700e-001  9.6287900e-001 -1.5447500e-001 -2.2136300e-001  5.0374900e-001
 -5.8784000e-002  6.8038400e-001 -7.3049400e-001 -3.6214600e-001  2.6345500e-001  7.1639000e-001  6.4604700e-001  3.2479700e-001  9.6287900e-001 -1.5447500e-001 -2.2136300e-001  5.0374900e-001
 -5.8783000e-002  6.8038400e-001 -7.3049400e-001 -3.6214600e-001  2.6345400e-001  7.1639000e-001  6.4604800e-001  3.2479700e-001  9.6287900e-001 -1.5447500e-001 -2.2136200e-001  5.0374900e-001
 -5.8783000e-002  6.8038400e-001 -7.3049400e-001 -3.6214600e-001  2.6345400e-001  7.1639000e-001  6.4604800e-001  3.2479700e-001  9.6287900e-001 -1.5447500e-001 -2.2136200e-001  5.0374900e-001
 -5.8783000e-002  6.8038400e-001 -7.3049400e-001 -3.6214600e-001  2.6345400e-001  7.1639000e-001  6.4604800e-001  3.2479700e-001  9.6287900e-001 -1.5447500e-001 -2.2136200e-001  5.0374900e-001
 -5.8785000e-002  6.8038400e-001 -7.3049400e-001 -3.6214600e-001  2.6345600e-001  7.1639000e-001  6.4604600e-001  3.2479700e-001  9.6287900e-001 -1.5447500e-001 -2.2136400e-001  5.0374900e-001
 -5.8784000e-002  6.8038400e-001 -7.3049400e-001 -3.6214600e-001  2.6345500e-001  7.1639000e-001  6.4604700e-001  3.2479700e-001  9.6287900e-001 -1.5447500e-001 -2.2136300e-001  5.0374900e-001
 -5.8784000e-002  6.8038400e-001 -7.3049400e-001 -3.6214600e-001  2.6345500e-001  7.1639000e-001  6.4604700e-001  3.2479700e-001  9.6287900e-001 -1.5447500e-001 -2.2136300e-001  5.0374900e-001
 -5.8784000e-002  6.8038400e-001 -7.3049400e-001 -3.6214600e-001  2.6345600e-001  7.1639000e-001  6.4604600e-001  3.2479700e-001  9.6287900e-001 -1.5447600e-001 -2.2136400e-001  5.0374900e-001
 -5.8784000e-002  6.8038400e-001 -7.3049400e-001 -3.6214600e-001  2.6345600e-001  7.1639000e-001  6.4604600e-001  3.2479700e-001  9.6287900e-001 -1.5447600e-001 -2.2136400e-001  5.0374900e-001
 -5.8784000e-002  6.8038400e-001 -7.3049400e-001 -3.6214600e-001  2.6345600e-001  7.1639000e-001  6.4604600e-001  3.2479700e-001  9.6287900e-001 -1.5447600e-001 -2.2136400e-001  5.0374900e-001
 -5.8784000e-002  6.8038400e-001 -7.3049400e-001 -3.6214600e-001  2.6345600e-001  7.1639000e-001  6.4604600e-001  3.2479700e-001  9.6287900e-001 -1.5447600e-001 -2.2136400e-001  5.0374900e-001
 -5.8785000e-002  6.8038400e-001 -7.3049400e-001 -3.6214600e-001  2.6345700e-001  7.1639000e-001  6.4604600e-001  3.2479700e-001  9.6287800e-001 -1.5447600e-001 -2.2136500e-001  5.0374800e-001
 -5.8784000e-002  6.8038400e-001 -7.3049400e-001 -3.6214600e-001  2.6345600e-001  7.1639000e-001  6.4604600e-001  3.2479700e-001  9.6287900e-001 -1.5447600e-001 -2.2136400e-001  5.0374900e-001
 -5.8785000e-002  6.8038300e-001 -7.3049500e-001 -3.6214600e-001  2.6345600e-001  7.1639100e-001  6.4604600e-001  3.2479700e-001  9.6287900e-001 -1.5447600e-001 -2.2136400e-001  5.0374900e-001
 -5.8785000e-002  6.8038300e-001 -7.3049500e-001 -3.6214600e-001  2.6345600e-001  7.1639100e-001  6.4604600e-001  3.2479700e-001  9.6287900e-001 -1.5447600e-001 -2.2136400e-001  5.0374900e-001
 -5.8785000e-002  6.8038300e-001 -7.3049500e-001 -3.6214600e-001  2.6345700e-001  7.1639100e-001  6.4604500e-001  3.2479700e-001  9.6287800e-001 -1.5447700e-001 -2.2136500e-001  5.0374800e-001
 -5.8785000e-002  6.8038300e-001 -7.3049500e-001 -3.6214600e-001  2.6345700e-001  7.1639100e-001  6.4604500e-001  3.2479700e-001  9.6287800e-001 -1.5447700e-001 -2.2136500e-001  5.0374800e-001
 -5.8785000e-002  6.8038200e-001 -7.3049600e-001 -3.6214700e-001  2.6345700e-001  7.1639200e-001  6.4604400e-001  3.2479700e-001  9.6287800e-001 -1.5447700e-001 -2.2136500e-001  5.0374800e-001
 -5.8785000e-002  6.8038200e-001 -7.3049600e-001 -3.6214700e-001  2.6345700e-001  7.1639200e-001  6.4604400e-001  3.2479700e-001  9.6287800e-001 -1.5447700e-001 -2.2136500e-001  5.0374800e-001
 -5.8785000e-002  6.8038200e-001 -7.3049600e-001 -3.6214700e-001  2.6345700e-001  7.1639200e-001  6.4604400e-001  3.2479700e-001  9.6287800e-001 -1.5447700e-001 -2.2136500e-001  5.0374800e-001
 -5.8785000e-002  6.8038100e-001 -7.3049700e-001 -3.6214700e-001  2.6345700e-001  7.1639200e-001  6.4604300e-001  3.2479600e-001  9.6287800e-001 -1.5447700e-001 -2.2136500e-001  5.0374800e-001
 -5.8785000e-002  6.8038100e-001 -7.3049700e-001 -3.6214700e-001  2.6345800e-001  7.1639200e-001  6.4604300e-001  3.2479600e-001  9.6287800e-001 -1.5447800e-001 -2.2136600e-001  5.0374800e-001
 -5.8785000e-002  6.8038100e-001 -7.3049700e-001 -3.6214700e-001  2.6345800e-001  7.1639200e-001  6.4604300e-001  3.2479600e-001  9.6287800e-001 -1.5447800e-001 -2.2136600e-001  5.0374800e-001
 -5.8785000e-002  6.8038100e-001 -7.3049700e-001 -3.6214700e-001  2.6345800e-001  7.1639200e-001  6.4604300e-001  3.2479600e-001  9.6287800e-001 -1.5447800e-001 -2.2136600e-001  5.0374800e-001
 -5.8786000e-002  6.8037600e-001 -7.3050200e-001 -3.6215000e-001  2.6345800e-001  7.1639700e-001  6.4603800e-001  3.2479400e-001  9.6287800e-001 -1.5447800e-001 -2.2136500e-001  5.0374800e-001
 -5.8794000e-002  6.8035200e-001 -7.3052300e-001 -3.6216000e-001  2.6345700e-001  7.1641900e-001  6.4601300e-001  3.2478200e-001  9.6287800e-001 -1.5448000e-001 -2.2136500e-001  5.0374900e-001
 -5.8809000e-002  6.8030100e-001 -7.3057000e-001 -3.6218200e-001  2.6345400e-001  7.1646800e-001  6.4596200e-001  3.2475700e-001  9.6287800e-001 -1.5448300e-001 -2.2136300e-001  5.0375000e-001
 -5.8823000e-002  6.8016600e-001 -7.3069400e-001 -3.6223300e-001  2.6344800e-001  7.1658900e-001  6.4582900e-001  3.2469200e-001  9.6287800e-001 -1.5451000e-001 -2.2134100e-001  5.0376100e-001
 -5.8844000e-002  6.7994600e-001 -7.3089800e-001 -3.6231700e-001  2.6344300e-001  7.1678800e-001  6.4561000e-001  3.2458800e-001  9.6287900e-001 -1.5456000e-001 -2.2130600e-001  5.0377900e-001
 -5.8871000e-002  6.7966900e-001 -7.3115300e-001 -3.6242300e-001  2.6343000e-001  7.1703900e-001  6.4533700e-001  3.2445500e-001  9.6288000e-001 -1.5461700e-001 -2.2125800e-001  5.0380300e-001
 -5.8904000e-002  6.7934000e-001 -7.3145600e-001 -3.6254800e-001  2.6341300e-001  7.1733600e-001  6.4501400e-001  3.2429700e-001  9.6288300e-001 -1.5468100e-001 -2.2120100e-001  5.0383100e-001
 -5.8947000e-002  6.7898200e-001 -7.3178500e-001 -3.6268700e-001  2.6339300e-001  7.1766100e-001  6.4466000e-001  3.2412500e-001  9.6288600e-001 -1.5474600e-001 -2.2114200e-001  5.0386000e-001
 -5.9002000e-002  6.7859400e-001 -7.3214000e-001 -3.6284000e-001  2.6336900e-001  7.1801400e-001  6.4427700e-001  3.2393700e-001  9.6288900e-001 -1.5480900e-001 -2.2108400e-001  5.0388900e-001
 -5.9072000e-002  6.7817500e-001 -7.3252200e-001 -3.6300700e-001  2.6334100e-001  7.1839700e-001  6.4386100e-001  3.2373300e-001  9.6289300e-001 -1.5486900e-001 -2.2102800e-001  5.0391600e-001
 -5.9170000e-002  6.7769500e-001 -7.3295900e-001 -3.6320300e-001  2.6330900e-001  7.1883800e-001  6.4338200e-001  3.2349800e-001  9.6289500e-001 -1.5492600e-001 -2.2097700e-001  5.0394200e-001
 -5.9302000e-002  6.7710500e-001 -7.3349300e-001 -3.6344600e-001  2.6327300e-001  7.1938000e-001  6.4279100e-001  3.2320900e-001  9.6289700e-001 -1.5499000e-001 -2.2092400e-001  5.0396900e-001
 -5.9490000e-002  6.7634900e-001 -7.3417500e-001 -3.6376200e-001  2.6322400e-001  7.2007600e-001  6.4203100e-001  3.2283600e-001  9.6289900e-001 -1.5505900e-001 -2.2086800e-001  5.0399700e-001
 -5.9723000e-002  6.7541900e-001 -7.3501200e-001 -3.6415000e-001  2.6317300e-001  7.2092900e-001  6.4109400e-001  3.2238000e-001  9.6289800e-001 -1.5514700e-001 -2.2080800e-001  5.0402700e-001
 -6.0023000e-002  6.7424700e-001 -7.3606300e-001 -3.6464000e-001  2.6311700e-001  7.2200100e-001  6.3991000e-001  3.2180600e-001  9.6289500e-001 -1.5526100e-001 -2.2074200e-001  5.0405900e-001
 -6.0396000e-002  6.7288800e-001 -7.3727500e-001 -3.6521200e-001  2.6307900e-001  7.2323800e-001  6.3852700e-001  3.2114400e-001  9.6288200e-001 -1.5539800e-001 -2.2070300e-001  5.0407900e-001
 -6.0841000e-002  6.7128700e-001 -7.3869600e-001 -3.6588600e-001  2.6302600e-001  7.2469200e-001  6.3689800e-001  3.2036300e-001  9.6286800e-001 -1.5554700e-001 -2.2065700e-001  5.0410100e-001
 -6.1365000e-002  6.6945600e-001 -7.4031200e-001 -3.6665700e-001  2.6299100e-001  7.2634500e-001  6.3502600e-001  3.1947300e-001  9.6284500e-001 -1.5572700e-001 -2.2063300e-001  5.0411200e-001
 -6.1969000e-002  6.6740600e-001 -7.4211100e-001 -3.6752000e-001  2.6295500e-001  7.2818800e-001  6.3292700e-001  3.1847600e-001  9.6281600e-001 -1.5592000e-001 -2.2062300e-001  5.0411700e-001
 -6.2660000e-002  6.6512600e-001 -7.4409700e-001 -3.6848100e-001  2.6292900e-001  7.3022600e-001  6.3058600e-001  3.1737000e-001  9.6277800e-001 -1.5613200e-001 -2.2063700e-001  5.0410900e-001
 -6.3426000e-002  6.6267900e-001 -7.4621300e-001 -3.6951100e-001  2.6291600e-001  7.3240000e-001  6.2806500e-001  3.1618400e-001  9.6273200e-001 -1.5635600e-001 -2.2068200e-001  5.0408600e-001
 -6.4270000e-002  6.6008400e-001 -7.4843800e-001 -3.7060500e-001  2.6290800e-001  7.3469200e-001  6.2538500e-001  3.1492600e-001  9.6267800e-001 -1.5657700e-001 -2.2076000e-001  5.0404500e-001
 -6.5199000e-002  6.5731700e-001 -7.5078900e-001 -3.7177100e-001  2.6293800e-001  7.3711700e-001  6.2251300e-001  3.1359000e-001  9.6260700e-001 -1.5682400e-001 -2.2089300e-001  5.0397800e-001
 -6.6224000e-002  6.5432000e-001 -7.5331300e-001 -3.7303000e-001  2.6295300e-001  7.3972700e-001  6.1940300e-001  3.1213900e-001  9.6253300e-001 -1.5706700e-001 -2.2104300e-001  5.0390200e-001
 -6.7346000e-002  6.5112800e-001 -7.5597400e-001 -3.7436700e-001  2.6296400e-001  7.4248800e-001  6.1608600e-001  3.1059000e-001  9.6245200e-001 -1.5730300e-001 -2.2122600e-001  5.0381000e-001
 -6.8577000e-002  6.4769600e-001 -7.5880600e-001 -3.7580000e-001  2.6295600e-001  7.4543600e-001  6.1251900e-001  3.0892100e-001  9.6236700e-001 -1.5752800e-001 -2.2143500e-001  5.0370400e-001
 -6.9879000e-002  6.4412000e-001 -7.6172600e-001 -3.7728600e-001  2.6294100e-001  7.4848200e-001  6.0879900e-001  3.0717900e-001  9.6227800e-001 -1.5774700e-001 -2.2166900e-001  5.0358600e-001
 -7.1227000e-002  6.4041100e-001 -7.6472200e-001 -3.7881300e-001  2.6292300e-001  7.5161000e-001  6.0494100e-001  3.0537300e-001  9.6218400e-001 -1.5797500e-001 -2.2191400e-001  5.0346200e-001
 -7.2687000e-002  6.3639600e-001 -7.6793000e-001 -3.8045000e-001  2.6294600e-001  7.5495300e-001  6.0075400e-001  3.0342700e-001  9.6206900e-001 -1.5825700e-001 -2.2221300e-001  5.0331200e-001
 -7.4216000e-002  6.3217100e-001 -7.7126600e-001 -3.8215400e-001  2.6292900e-001  7.5843800e-001  5.9635500e-001  3.0137300e-001  9.6195700e-001 -1.5852900e-001 -2.2250400e-001  5.0316400e-001
 -7.5762000e-002  6.2790100e-001 -7.7459700e-001 -3.8385900e-001  2.6293400e-001  7.6191600e-001  5.9190400e-001  2.9930300e-001  9.6183500e-001 -1.5882400e-001 -2.2282000e-001  5.0300300e-001
 -7.7370000e-002  6.2344300e-001 -7.7803100e-001 -3.8561800e-001  2.6292800e-001  7.6550400e-001  5.8725900e-001  2.9714000e-001  9.6170800e-001 -1.5913000e-001 -2.2314800e-001  5.0283900e-001
 -7.9078000e-002  6.1868400e-001 -7.8165000e-001 -3.8747200e-001  2.6287700e-001  7.6929300e-001  5.8230900e-001  2.9482500e-001  9.6158300e-001 -1.5943000e-001 -2.2347200e-001  5.0267500e-001
 -8.0829000e-002  6.1380900e-001 -7.8530600e-001 -3.8935100e-001  2.6287400e-001  7.7311600e-001  5.7722500e-001  2.9246400e-001  9.6143900e-001 -1.5978000e-001 -2.2384400e-001  5.0248600e-001
 -8.2598000e-002  6.0885100e-001 -7.8897300e-001 -3.9123600e-001  2.6281900e-001  7.7696000e-001  5.7206600e-001  2.9005500e-001  9.6130300e-001 -1.6010500e-001 -2.2419300e-001  5.0231100e-001
 -8.4494000e-002  6.0349800e-001 -7.9287500e-001 -3.9324100e-001  2.6270500e-001  7.8106000e-001  5.6650800e-001  2.8744400e-001  9.6116900e-001 -1.6042600e-001 -2.2453700e-001  5.0213700e-001
 -8.6447000e-002  5.9801300e-001 -7.9681100e-001 -3.9527400e-001  2.6266200e-001  7.8518800e-001  5.6079300e-001  2.8478600e-001  9.6100800e-001 -1.6081300e-001 -2.2495300e-001  5.0192600e-001
 -8.8430000e-002  5.9241700e-001 -8.0076400e-001 -3.9731700e-001  2.6259100e-001  7.8934000e-001  5.5496700e-001  2.8207100e-001  9.6084600e-001 -1.6119800e-001 -2.2536500e-001  5.0171700e-001
 -9.0494000e-002  5.8657200e-001 -8.0482600e-001 -3.9942000e-001  2.6250100e-001  7.9361200e-001  5.4888300e-001  2.7923300e-001  9.6067900e-001 -1.6159700e-001 -2.2579300e-001  5.0150100e-001
 -9.2616000e-002  5.8061400e-001 -8.0889400e-001 -4.0153800e-001  2.6250500e-001  7.9788300e-001  5.4265400e-001  2.7636100e-001  9.6047600e-001 -1.6208000e-001 -2.2631100e-001  5.0123800e-001
 -9.4765000e-002  5.7451500e-001 -8.1299000e-001 -4.0366900e-001  2.6241700e-001  8.0219700e-001  5.3630000e-001  2.7340600e-001  9.6029000e-001 -1.6252000e-001 -2.2678300e-001  5.0099900e-001
 -9.7007000e-002  5.6813400e-001 -8.1719900e-001 -4.0586300e-001  2.6229700e-001  8.0663800e-001  5.2965500e-001  2.7031000e-001  9.6009900e-001 -1.6296900e-001 -2.2727000e-001  5.0075300e-001
 -9.9342000e-002  5.6161000e-001 -8.2141700e-001 -4.0808400e-001  2.6238100e-001  8.1106900e-001  5.2280300e-001  2.6718500e-001  9.5983700e-001 -1.6358800e-001 -2.2792900e-001  5.0041800e-001
 -1.0171100e-001  5.5487500e-001 -8.2569300e-001 -4.1033100e-001  2.6229400e-001  8.1558600e-001  5.1577300e-001  2.6393100e-001  9.5961300e-001 -1.6411500e-001 -2.2849500e-001  5.0013000e-001
 -1.0415200e-001  5.4805300e-001 -8.2993400e-001 -4.1257800e-001  2.6235800e-001  8.2005500e-001  5.0860500e-001  2.6066100e-001  9.5933400e-001 -1.6476700e-001 -2.2919600e-001  4.9977500e-001
 -1.0669800e-001  5.4094100e-001 -8.3426500e-001 -4.1488400e-001  2.6243500e-001  8.2462300e-001  5.0112400e-001  2.5725800e-001  9.5903300e-001 -1.6547100e-001 -2.2994800e-001  4.9939300e-001
 -1.0927200e-001  5.3371700e-001 -8.3857400e-001 -4.1718300e-001  2.6244400e-001  8.2918100e-001  4.9354100e-001  2.5379000e-001  9.5874000e-001 -1.6614900e-001 -2.3067700e-001  4.9902100e-001
 -1.1198800e-001  5.2629400e-001 -8.4289600e-001 -4.1952000e-001  2.6268900e-001  8.3373600e-001  4.8567300e-001  2.5026900e-001  9.5836000e-001 -1.6703000e-001 -2.3162000e-001  4.9854100e-001
 -1.1470900e-001  5.1868600e-001 -8.4723500e-001 -4.2186000e-001  2.6272000e-001  8.3833800e-001  4.7766900e-001  2.4662400e-001  9.5802900e-001 -1.6779300e-001 -2.3243400e-001  4.9812500e-001
 -1.1753100e-001  5.1109200e-001 -8.5145200e-001 -4.2417700e-001  2.6306000e-001  8.4278900e-001  4.6958000e-001  2.4304000e-001  9.5759400e-001 -1.6879300e-001 -2.3350200e-001  4.9757900e-001
 -1.2034900e-001  5.0329000e-001 -8.5569600e-001 -4.2649600e-001  2.6312300e-001  8.4730400e-001  4.6134800e-001  2.3930800e-001  9.5722600e-001 -1.6963000e-001 -2.3440000e-001  4.9711800e-001
 -1.2327400e-001  4.9550900e-001 -8.5981100e-001 -4.2879000e-001  2.6350200e-001  8.5166200e-001  4.5303300e-001  2.3564200e-001  9.5675000e-001 -1.7071500e-001 -2.3555600e-001  4.9652700e-001
 -1.2618600e-001  4.8759900e-001 -8.6390100e-001 -4.3106700e-001  2.6367200e-001  8.5602200e-001  4.4463800e-001  2.3187900e-001  9.5632300e-001 -1.7168000e-001 -2.3658500e-001  4.9599800e-001
 -1.2913100e-001  4.7980100e-001 -8.6782300e-001 -4.3328300e-001  2.6400100e-001  8.6019900e-001  4.3630300e-001  2.2819700e-001  9.5583900e-001 -1.7276600e-001 -2.3774700e-001  4.9540200e-001
 -1.3209200e-001  4.7184400e-001 -8.7173100e-001 -4.3549100e-001  2.6417600e-001  8.6438700e-001  4.2783900e-001  2.2441300e-001  9.5538600e-001 -1.7377600e-001 -2.3882800e-001  4.9484600e-001
 -1.3508800e-001  4.6400400e-001 -8.7547200e-001 -4.3765100e-001  2.6456400e-001  8.6838300e-001  4.1942400e-001  2.2072200e-001  9.5486000e-001 -1.7495900e-001 -2.4006700e-001  4.9420300e-001
 -1.3809500e-001  4.5604300e-001 -8.7917900e-001 -4.3978800e-001  2.6478800e-001  8.7237100e-001  4.1092100e-001  2.1694400e-001  9.5436700e-001 -1.7604900e-001 -2.4122500e-001  4.9360300e-001
 -1.4110700e-001  4.4827100e-001 -8.8269000e-001 -4.4184900e-001  2.6513700e-001  8.7615300e-001  4.0256500e-001  2.1327600e-001  9.5383000e-001 -1.7722900e-001 -2.4248500e-001  4.9295200e-001
 -1.4414000e-001  4.4033800e-001 -8.8618600e-001 -4.4390200e-001  2.6535200e-001  8.7994000e-001  3.9407400e-001  2.0951000e-001  9.5331600e-001 -1.7834900e-001 -2.4367900e-001  4.9233500e-001
 -1.4714700e-001  4.3258600e-001 -8.8950400e-001 -4.4588500e-001  2.6563900e-001  8.8353800e-001  3.8574200e-001  2.0584200e-001  9.5277700e-001 -1.7952600e-001 -2.4492200e-001  4.9168600e-001
 -1.5025300e-001  4.2470300e-001 -8.9277800e-001 -4.4786600e-001  2.6597300e-001  8.8710100e-001  3.7724000e-001  2.0211600e-001  9.5219900e-001 -1.8077300e-001 -2.4624900e-001  4.9099800e-001
 -1.5334000e-001  4.1691500e-001 -8.9591800e-001 -4.4979700e-001  2.6633000e-001  8.9052700e-001  3.6882300e-001  1.9843800e-001  9.5160700e-001 -1.8205500e-001 -2.4759000e-001  4.9029200e-001
 -1.5651500e-001  4.0910300e-001 -8.9896500e-001 -4.5171200e-001  2.6680500e-001  8.9385700e-001  3.6032600e-001  1.9476300e-001  9.5095600e-001 -1.8345200e-001 -2.4905300e-001  4.8952100e-001
 -1.5968300e-001  4.0130700e-001 -9.0191700e-001 -4.5359500e-001  2.6723000e-001  8.9710000e-001  3.5185100e-001  1.9108400e-001  9.5031000e-001 -1.8483500e-001 -2.5049300e-001  4.8874900e-001
 -1.6294600e-001  3.9352300e-001 -9.0475900e-001 -4.5546700e-001  2.6787400e-001  9.0021500e-001  3.4330200e-001  1.8743900e-001  9.4957500e-001 -1.8642100e-001 -2.5210100e-001  4.8787600e-001
 -1.6616500e-001  3.8574100e-001 -9.0752000e-001 -4.5731600e-001  2.6846400e-001  9.0324800e-001  3.3477000e-001  1.8377900e-001  9.4885000e-001 -1.8800900e-001 -2.5364600e-001  4.8700500e-001
 -1.6937700e-001  3.7810700e-001 -9.1013600e-001 -4.5915600e-001  2.6931100e-001  9.0608800e-001  3.2630600e-001  1.8022200e-001  9.4804200e-001 -1.8984100e-001 -2.5529900e-001  4.8602700e-001
 -1.7247400e-001  3.7035300e-001 -9.1273900e-001 -4.6100700e-001  2.7000900e-001  9.0890800e-001  3.1777700e-001  1.7658000e-001  9.4728500e-001 -1.9163900e-001 -2.5676100e-001  4.8509300e-001
 -1.7543800e-001  3.6288400e-001 -9.1517000e-001 -4.6284300e-001  2.7095900e-001  9.1148400e-001  3.0947900e-001  1.7308200e-001  9.4646800e-001 -1.9367900e-001 -2.5823600e-001  4.8403800e-001
 -1.7824300e-001  3.5537200e-001 -9.1757300e-001 -4.6469700e-001  2.7189000e-001  9.1398800e-001  3.0116700e-001  1.6952900e-001  9.4567700e-001 -1.9579800e-001 -2.5953400e-001  4.8296200e-001
 -1.8068000e-001  3.4826100e-001 -9.1982000e-001 -4.6653700e-001  2.7296000e-001  9.1623000e-001  2.9328400e-001  1.6613200e-001  9.4490600e-001 -1.9808400e-001 -2.6060500e-001  4.8179400e-001
 -1.8277400e-001  3.4122200e-001 -9.2204200e-001 -4.6840800e-001  2.7407000e-001  9.1834700e-001  2.8552600e-001  1.6270800e-001  9.4418200e-001 -2.0051700e-001 -2.6136900e-001  4.8057100e-001
 -1.8406800e-001  3.3470300e-001 -9.2417100e-001 -4.7028100e-001  2.7514500e-001  9.2019300e-001  2.7846200e-001  1.5940300e-001  9.4361800e-001 -2.0302500e-001 -2.6147000e-001  4.7928200e-001
 -1.8456300e-001  3.2855800e-001 -9.2627600e-001 -4.7218200e-001  2.7625200e-001  9.2181300e-001  2.7193100e-001  1.5614400e-001  9.4319700e-001 -2.0569700e-001 -2.6089700e-001  4.7791800e-001
 -1.8428000e-001  3.2290900e-001 -9.2831600e-001 -4.7409500e-001  2.7735000e-001  9.2319200e-001  2.6607000e-001  1.5300800e-001  9.4293100e-001 -2.0843700e-001 -2.5968400e-001  4.7652200e-001
 -1.8364700e-001  3.1757900e-001 -9.3027800e-001 -4.7603200e-001  2.7869500e-001  9.2436300e-001  2.6054300e-001  1.4997000e-001  9.4265700e-001 -2.1141600e-001 -2.5826400e-001  4.7501100e-001
 -1.8229200e-001  3.1273600e-001 -9.3218300e-001 -4.7798000e-001  2.8003400e-001  9.2531800e-001  2.5567100e-001  1.4702300e-001  9.4252300e-001 -2.1443700e-001 -2.5625500e-001  4.7343800e-001
 -1.8030500e-001  3.0850700e-001 -9.3397700e-001 -4.7994900e-001  2.8160200e-001  9.2598400e-001  2.5150300e-001  1.4426200e-001  9.4243900e-001 -2.1766300e-001 -2.5383600e-001  4.7173300e-001
 -1.7770100e-001  3.0475800e-001 -9.3570600e-001 -4.8193400e-001  2.8323200e-001  9.2644400e-001  2.4795200e-001  1.4162400e-001  9.4244500e-001 -2.2096000e-001 -2.5094700e-001  4.6998800e-001
 -1.7452600e-001  3.0169700e-001 -9.3729400e-001 -4.8393500e-001  2.8508500e-001  9.2661500e-001  2.4517600e-001  1.3919700e-001  9.4247900e-001 -2.2441900e-001 -2.4772800e-001  4.6808800e-001
 -1.7082100e-001  2.9904700e-001 -9.3882400e-001 -4.8594700e-001  2.8702200e-001  9.2660800e-001  2.4293200e-001  1.3686900e-001  9.4257000e-001 -2.2796500e-001 -2.4411800e-001  4.6614900e-001
 -1.6670700e-001  2.9717600e-001 -9.4015700e-001 -4.8795200e-001  2.8917800e-001  9.2630600e-001  2.4152200e-001  1.3479800e-001  9.4264800e-001 -2.3160900e-001 -2.4035900e-001  4.6402500e-001
 -1.6216800e-001  2.9566500e-001 -9.4142600e-001 -4.8999500e-001  2.9147600e-001  9.2583600e-001  2.4056000e-001  1.3281000e-001  9.4273200e-001 -2.3539200e-001 -2.3632000e-001  4.6183700e-001
 -1.5720100e-001  2.9489100e-001 -9.4251100e-001 -4.9204700e-001  2.9397600e-001  9.2508500e-001  2.4040700e-001  1.3109700e-001  9.4279700e-001 -2.3928300e-001 -2.3211500e-001  4.5953100e-001
 -1.5189500e-001  2.9458400e-001 -9.4347700e-001 -4.9412400e-001  2.9664400e-001  9.2413400e-001  2.4078700e-001  1.2951300e-001  9.4283100e-001 -2.4330200e-001 -2.2775800e-001  4.5710600e-001
 -1.4639200e-001  2.9475200e-001 -9.4429400e-001 -4.9622800e-001  2.9947800e-001  9.2298800e-001  2.4167400e-001  1.2809800e-001  9.4280500e-001 -2.4741600e-001 -2.2339000e-001  4.5457700e-001
 -1.4075700e-001  2.9547000e-001 -9.4492600e-001 -4.9834800e-001  3.0250400e-001  9.2162000e-001  2.4312100e-001  1.2691100e-001  9.4269700e-001 -2.5162300e-001 -2.1910600e-001  4.5193600e-001
 -1.3514600e-001  2.9651200e-001 -9.4541800e-001 -5.0047600e-001  3.0571700e-001  9.2009600e-001  2.4486900e-001  1.2581200e-001  9.4248200e-001 -2.5593800e-001 -2.1499600e-001  4.4914800e-001
 -1.2955700e-001  2.9808500e-001 -9.4570600e-001 -5.0261200e-001  3.0909300e-001  9.1836400e-001  2.4712300e-001  1.2494300e-001  9.4216600e-001 -2.6029500e-001 -2.1111700e-001  4.4623200e-001
 -1.2389000e-001  2.9997000e-001 -9.4587000e-001 -5.0478900e-001  3.1263000e-001  9.1646800e-001  2.4969800e-001  1.2423200e-001  9.4176100e-001 -2.6477200e-001 -2.0732100e-001  4.4328500e-001
 -1.1845500e-001  3.0206000e-001 -9.4590100e-001 -5.0699700e-001  3.1630200e-001  9.1446300e-001  2.5241000e-001  1.2359000e-001  9.4123400e-001 -2.6929100e-001 -2.0386500e-001  4.4020200e-001
 -1.1300800e-001  3.0454400e-001 -9.4577100e-001 -5.0923700e-001  3.2015600e-001  9.1226100e-001  2.5549900e-001  1.2316900e-001  9.4060100e-001 -2.7392100e-001 -2.0059500e-001  4.3706800e-001
 -1.0759200e-001  3.0706900e-001 -9.4558600e-001 -5.1154300e-001  3.2402600e-001  9.1000500e-001  2.5864600e-001  1.2280000e-001  9.3991000e-001 -2.7856600e-001 -1.9740800e-001  4.3397600e-001
 -1.0257900e-001  3.0977600e-001 -9.4526000e-001 -5.1387900e-001  3.2810700e-001  9.0762700e-001  2.6183700e-001  1.2257500e-001  9.3905400e-001 -2.8328700e-001 -1.9474300e-001  4.3079500e-001
 -9.7911000e-002  3.1262000e-001 -9.4481800e-001 -5.1621600e-001  3.3230500e-001  9.0516100e-001  2.6506200e-001  1.2249400e-001  9.3807600e-001 -2.8801500e-001 -1.9251000e-001  4.2758700e-001
 -9.3940000e-002  3.1528200e-001 -9.4433700e-001 -5.1859700e-001  3.3666800e-001  9.0271100e-001  2.6789300e-001  1.2240100e-001  9.3692600e-001 -2.9276300e-001 -1.9094600e-001  4.2430500e-001
 -9.0313000e-002  3.1820300e-001 -9.4371100e-001 -5.2096500e-001  3.4115300e-001  9.0013800e-001  2.7086300e-001  1.2251600e-001  9.3565900e-001 -2.9748700e-001 -1.8985000e-001  4.2097900e-001
 -8.7012000e-002  3.2115200e-001 -9.4302200e-001 -5.2338700e-001  3.4569900e-001  8.9752300e-001  2.7376000e-001  1.2279200e-001  9.3430300e-001 -3.0218100e-001 -1.8911700e-001  4.1773400e-001
 -8.4386000e-002  3.2384400e-001 -9.4234000e-001 -5.2585600e-001  3.5042900e-001  8.9494500e-001  2.7617500e-001  1.2303200e-001  9.3278000e-001 -3.0691800e-001 -1.8900500e-001  4.1442000e-001
 -8.2440000e-002  3.2646200e-001 -9.4160800e-001 -5.2833700e-001  3.5530700e-001  8.9236600e-001  2.7828100e-001  1.2339700e-001  9.3110700e-001 -3.1161900e-001 -1.8956100e-001  4.1111100e-001
 -8.0692000e-002  3.2907700e-001 -9.4084900e-001 -5.3089800e-001  3.6022500e-001  8.8975500e-001  2.8031100e-001  1.2391800e-001  9.2936900e-001 -3.1629900e-001 -1.9033800e-001  4.0788700e-001
 -7.9151000e-002  3.3161900e-001 -9.4008700e-001 -5.3355700e-001  3.6520300e-001  8.8712800e-001  2.8218900e-001  1.2454600e-001  9.2755700e-001 -3.2098700e-001 -1.9132500e-001  4.0470200e-001
 -7.8209000e-002  3.3396200e-001 -9.3933600e-001 -5.3629000e-001  3.7022200e-001  8.8457200e-001  2.8366800e-001  1.2522800e-001  9.2564500e-001 -3.2557800e-001 -1.9282200e-001  4.0152900e-001
 -7.7725000e-002  3.3637300e-001 -9.3851600e-001 -5.3909300e-001  3.7531100e-001  8.8198600e-001  2.8503100e-001  1.2618000e-001  9.2363500e-001 -3.3008100e-001 -1.9479700e-001  3.9839600e-001
 -7.7468000e-002  3.3867800e-001 -9.3770800e-001 -5.4201600e-001  3.8029600e-001  8.7946100e-001  2.8622300e-001  1.2731100e-001  9.2161500e-001 -3.3443300e-001 -1.9692800e-001  3.9535300e-001
 -7.7789000e-002  3.4044500e-001 -9.3704100e-001 -5.4502100e-001  3.8507700e-001  8.7720900e-001  2.8673900e-001  1.2838100e-001  9.1960000e-001 -3.3852800e-001 -1.9933500e-001  3.9233000e-001
 -7.8122000e-002  3.4201100e-001 -9.3644300e-001 -5.4815000e-001  3.8908600e-001  8.7528300e-001  2.8721500e-001  1.2964700e-001  9.1788300e-001 -3.4191900e-001 -2.0145000e-001  3.8938900e-001
 -7.8769000e-002  3.4327500e-001 -9.3592600e-001 -5.5130900e-001  3.9138400e-001  8.7411000e-001  2.8766200e-001  1.3110100e-001  9.1685000e-001 -3.4364800e-001 -2.0320500e-001  3.8649200e-001
 -7.9605000e-002  3.4424700e-001 -9.3549800e-001 -5.5456900e-001  3.9110900e-001  8.7401000e-001  2.8834000e-001  1.3284200e-001  9.1689500e-001 -3.4292900e-001 -2.0421300e-001  3.8362500e-001
 -8.0989000e-002  3.4435400e-001 -9.3534000e-001 -5.5791100e-001  3.8762800e-001  8.7543000e-001  2.8873400e-001  1.3463300e-001  9.1825100e-001 -3.3918000e-001 -2.0438100e-001  3.8081100e-001
 -8.3011000e-002  3.4332200e-001 -9.3554200e-001 -5.6142800e-001  3.7926100e-001  8.7902300e-001  2.8892900e-001  1.3659400e-001  9.2155900e-001 -3.3083000e-001 -2.0317700e-001  3.7817100e-001
 -8.6359000e-002  3.4115300e-001 -9.3603200e-001 -5.6496000e-001  3.6510200e-001  8.8501500e-001  2.8887400e-001  1.3877100e-001  9.2695300e-001 -3.1680100e-001 -2.0098500e-001  3.7553500e-001
 -9.0469000e-002  3.3783000e-001 -9.3684900e-001 -5.6861800e-001  3.4538300e-001  8.9296700e-001  2.8865300e-001  1.4120900e-001  9.3409100e-001 -2.9745700e-001 -1.9746700e-001  3.7301000e-001
 -9.5331000e-002  3.3280300e-001 -9.3816500e-001 -5.7238600e-001  3.2028700e-001  9.0259600e-001  2.8763900e-001  1.4362700e-001  9.4251200e-001 -2.7306100e-001 -1.9263700e-001  3.7061800e-001
 -1.0066600e-001  3.2634300e-001 -9.3987600e-001 -5.7623600e-001  2.9009000e-001  9.1325500e-001  2.8603000e-001  1.4613100e-001  9.5169000e-001 -2.4385500e-001 -1.8660300e-001  3.6830700e-001
 -1.0567400e-001  3.1889400e-001 -9.4188100e-001 -5.8016100e-001  2.5567300e-001  9.2405400e-001  2.8417300e-001  1.4890600e-001  9.6097000e-001 -2.1078400e-001 -1.7918100e-001  3.6615300e-001
 -1.1026800e-001  3.1018900e-001 -9.4425800e-001 -5.8412200e-001  2.1880200e-001  9.3432000e-001  2.8137300e-001  1.5156900e-001  9.6951900e-001 -1.7557900e-001 -1.7089600e-001  3.6414000e-001
 -1.1439400e-001  3.0062500e-001 -9.4685700e-001 -5.8804900e-001  1.8077500e-001  9.4350000e-001  2.7771900e-001  1.5412700e-001  9.7684900e-001 -1.3939900e-001 -1.6227700e-001  3.6206900e-001
 -1.1753600e-001  2.9050500e-001 -9.4962700e-001 -5.9197700e-001  1.4262600e-001  9.5128000e-001  2.7335800e-001  1.5656300e-001  9.8277300e-001 -1.0331200e-001 -1.5324300e-001  3.6007300e-001
 -1.1988100e-001  2.8019200e-001 -9.5242900e-001 -5.9578200e-001  1.0504000e-001  9.5754200e-001  2.6847500e-001  1.5885100e-001  9.8721600e-001 -6.7858000e-002 -1.4422300e-001  3.5811300e-001
 -1.2213600e-001  2.7018200e-001 -9.5503100e-001 -5.9938300e-001  6.9171000e-002  9.6221300e-001  2.6336700e-001  1.6108000e-001  9.9010000e-001 -3.3894000e-002 -1.3621000e-001  3.5576300e-001
 -1.2334800e-001  2.6050400e-001 -9.5756100e-001 -6.0294800e-001  3.5547000e-002  9.6547000e-001  2.5807700e-001  1.6303800e-001  9.9172700e-001 -2.2050000e-003 -1.2834900e-001  3.5359800e-001
 -1.2420500e-001  2.5151300e-001 -9.5985100e-001 -6.0636100e-001  5.0810000e-003  9.6749000e-001  2.5285800e-001  1.6479900e-001  9.9224400e-001  2.6530000e-002 -1.2144500e-001  3.5125700e-001
 -1.2467700e-001  2.4343400e-001 -9.6187100e-001 -6.0963800e-001 -2.1921000e-002  9.6852300e-001  2.4795900e-001  1.6634200e-001  9.9195500e-001  5.2000000e-002 -1.1541600e-001  3.4888200e-001
 -1.2480800e-001  2.3676300e-001 -9.6351800e-001 -6.1279400e-001 -4.4958000e-002  9.6876400e-001  2.4387600e-001  1.6786000e-001  9.9116200e-001  7.3755000e-002 -1.1026500e-001  3.4644600e-001
 -1.2474500e-001  2.3093300e-001 -9.6494000e-001 -6.1585000e-001 -6.3580000e-002  9.6867700e-001  2.4004700e-001  1.6894000e-001  9.9015000e-001  9.1295000e-002 -1.0615400e-001  3.4395800e-001
 -1.2448000e-001  2.2654800e-001 -9.6601300e-001 -6.1883000e-001 -7.7545000e-002  9.6838600e-001  2.3709700e-001  1.6988000e-001  9.8918700e-001  1.0442300e-001 -1.0297700e-001  3.4142600e-001
 -1.2441700e-001  2.2313600e-001 -9.6681500e-001 -6.2167600e-001 -8.6654000e-002  9.6821900e-001  2.3461200e-001  1.7040000e-001  9.8843900e-001  1.1296800e-001 -1.0112700e-001  3.3871000e-001
 -1.2451300e-001  2.2131200e-001 -9.6722100e-001 -6.2438900e-001 -9.1187000e-002  9.6813000e-001  2.3325900e-001  1.7086700e-001  9.8801900e-001  1.1724200e-001 -1.0036400e-001  3.3590000e-001
 -1.2507400e-001  2.2052600e-001 -9.6732900e-001 -6.2696500e-001 -9.0921000e-002  9.6833500e-001  2.3251100e-001  1.7092500e-001  9.8797300e-001  1.1703100e-001 -1.0106300e-001  3.3286600e-001
 -1.2593800e-001  2.2106400e-001 -9.6709400e-001 -6.2939300e-001 -8.6747000e-002  9.6866700e-001  2.3272000e-001  1.7092600e-001  9.8823800e-001  1.1320100e-001 -1.0281500e-001  3.2969700e-001
 -1.2713200e-001  2.2111600e-001 -9.6692600e-001 -6.3171900e-001 -8.1768000e-002  9.6918100e-001  2.3238300e-001  1.7057300e-001  9.8851000e-001  1.0860700e-001 -1.0513400e-001  3.2630300e-001
 -1.2875300e-001  2.2074800e-001 -9.6679500e-001 -6.3392800e-001 -7.6914000e-002  9.6975000e-001  2.3166600e-001  1.7003300e-001  9.8868900e-001  1.0418800e-001 -1.0788000e-001  3.2270000e-001
 -1.3063500e-001  2.2010400e-001 -9.6669000e-001 -6.3608900e-001 -7.2056000e-002  9.7035900e-001  2.3067600e-001  1.6931000e-001  9.8880900e-001  9.9790000e-002 -1.1090400e-001  3.1895600e-001
 -1.3292800e-001  2.1926900e-001 -9.6656700e-001 -6.3811100e-001 -6.7192000e-002  9.7098400e-001  2.2951200e-001  1.6848100e-001  9.8884600e-001  9.5454000e-002 -1.1433700e-001  3.1504200e-001
 -1.3553500e-001  2.1824900e-001 -9.6643600e-001 -6.4006200e-001 -6.2352000e-002  9.7162400e-001  2.2816500e-001  1.6751000e-001  9.8880900e-001  9.1183000e-002 -1.1808100e-001  3.1095100e-001
 -1.3801500e-001  2.1746400e-001 -9.6626100e-001 -6.4191600e-001 -5.7687000e-002  9.7217600e-001  2.2703500e-001  1.6655600e-001  9.8874900e-001  8.7075000e-002 -1.2163000e-001  3.0687300e-001
 -1.4028200e-001  2.1679200e-001 -9.6608600e-001 -6.4370400e-001 -5.3173000e-002  9.7267700e-001  2.2599200e-001  1.6538800e-001  9.8868300e-001  8.3072000e-002 -1.2492200e-001  3.0264500e-001
 -1.4227000e-001  2.1646400e-001 -9.6586900e-001 -6.4537600e-001 -4.8924000e-002  9.7306400e-001  2.2528300e-001  1.6422500e-001  9.8861800e-001  7.9305000e-002 -1.2784800e-001  2.9845200e-001
 -1.4400400e-001  2.1674500e-001 -9.6554900e-001 -6.4694800e-001 -4.5003000e-002  9.7327500e-001  2.2519100e-001  1.6316200e-001  9.8855300e-001  7.5881000e-002 -1.3040100e-001  2.9414700e-001
 -1.4524300e-001  2.1765000e-001 -9.6516000e-001 -6.4841100e-001 -4.1512000e-002  9.7330400e-001  2.2573300e-001  1.6222300e-001  9.8852500e-001  7.2852000e-002 -1.3233100e-001  2.8993900e-001
 -1.4636400e-001  2.1894400e-001 -9.6469700e-001 -6.4976200e-001 -3.8376000e-002  9.7320900e-001  2.2669800e-001  1.6134000e-001  9.8848600e-001  7.0202000e-002 -1.3404100e-001  2.8566300e-001
 -1.4690700e-001  2.2102000e-001 -9.6414100e-001 -6.5099300e-001 -3.5919000e-002  9.7288200e-001  2.2849700e-001  1.6064000e-001  9.8849800e-001  6.8199000e-002 -1.3498400e-001  2.8150100e-001
