  3.7368900e-001  5.8359000e-001 -7.2095700e-001 -3.2672700e-001 -3.4675400e-001  8.0880500e-001  4.7497000e-001  2.0048200e-001  8.6030100e-001  7.2503000e-002  5.0460400e-001  6.9613300e-001
  3.7369000e-001  5.8359000e-001 -7.2095600e-001 -3.2672700e-001 -3.4675400e-001  8.0880500e-001  4.7496900e-001  2.0048200e-001  8.6030100e-001  7.2503000e-002  5.0460500e-001  6.9613400e-001
  3.7355500e-001  5.8361500e-001 -7.2100600e-001 -3.2673100e-001 -3.4681200e-001  8.0877700e-001  4.7497600e-001  2.0048000e-001  8.6033600e-001  7.2623000e-002  5.0452700e-001  6.9612200e-001
  3.7263700e-001  5.8401200e-001 -7.2116000e-001 -3.2674600e-001 -3.4768300e-001  8.0839000e-001  4.7499700e-001  2.0047300e-001  8.6038300e-001  7.3734000e-002  5.0428700e-001  6.9608600e-001
  3.7133600e-001  5.8470500e-001 -7.2126900e-001 -3.2678100e-001 -3.4938000e-001  8.0771100e-001  4.7490600e-001  2.0041900e-001  8.6025700e-001  7.5647000e-002  5.0421700e-001  6.9606600e-001
  3.6968400e-001  5.8559100e-001 -7.2140000e-001 -3.2683100e-001 -3.5160300e-001  8.0683200e-001  4.7476000e-001  2.0033900e-001  8.6006400e-001  7.8135000e-002  5.0416800e-001  6.9604000e-001
  3.6798400e-001  5.8645300e-001 -7.2156800e-001 -3.2690300e-001 -3.5392100e-001  8.0594700e-001  4.7454100e-001  2.0022400e-001  8.5984200e-001  8.0754000e-002  5.0413400e-001  6.9602100e-001
  3.6625400e-001  5.8731300e-001 -7.2174900e-001 -3.2698200e-001 -3.5628700e-001  8.0504800e-001  4.7429700e-001  2.0009800e-001  8.5960300e-001  8.3437000e-002  5.0410400e-001  6.9600500e-001
  3.6450100e-001  5.8817000e-001 -7.2193900e-001 -3.2706400e-001 -3.5866300e-001  8.0413700e-001  4.7405100e-001  1.9996600e-001  8.5936000e-001  8.6141000e-002  5.0406300e-001  6.9598200e-001
  3.6292000e-001  5.8886200e-001 -7.2217100e-001 -3.2716200e-001 -3.6077900e-001  8.0336200e-001  4.7375900e-001  1.9981000e-001  8.5914400e-001  8.8607000e-002  5.0400500e-001  6.9595000e-001
  3.6171200e-001  5.8935500e-001 -7.2237500e-001 -3.2725000e-001 -3.6240100e-001  8.0278700e-001  4.7349600e-001  1.9967000e-001  8.5897000e-001  9.0520000e-002  5.0396000e-001  6.9592500e-001
  3.6105100e-001  5.8954700e-001 -7.2254900e-001 -3.2732000e-001 -3.6324200e-001  8.0252600e-001  4.7329400e-001  1.9955800e-001  8.5889300e-001  9.1577000e-002  5.0390100e-001  6.9589300e-001
  3.6100500e-001  5.8938200e-001 -7.2270600e-001 -3.2737900e-001 -3.6323500e-001  8.0263200e-001  4.7312000e-001  1.9946300e-001  8.5891500e-001  9.1714000e-002  5.0383900e-001  6.9586000e-001
  3.6101400e-001  5.8923200e-001 -7.2282400e-001 -3.2742200e-001 -3.6316900e-001  8.0273800e-001  4.7299100e-001  1.9939300e-001  8.5894000e-001  9.1751000e-002  5.0379000e-001  6.9583400e-001
  3.6101200e-001  5.8912000e-001 -7.2291600e-001 -3.2745300e-001 -3.6311700e-001  8.0281600e-001  4.7289800e-001  1.9934100e-001  8.5896300e-001  9.1781000e-002  5.0374500e-001  6.9581000e-001
  3.6099200e-001  5.8905000e-001 -7.2298400e-001 -3.2747200e-001 -3.6307200e-001  8.0286500e-001  4.7284900e-001  1.9931000e-001  8.5899000e-001  9.1801000e-002  5.0369500e-001  6.9578300e-001
  3.6095100e-001  5.8901400e-001 -7.2303300e-001 -3.2748000e-001 -3.6303300e-001  8.0289000e-001  4.7283700e-001  1.9929400e-001  8.5902400e-001  9.1814000e-002  5.0363500e-001  6.9575200e-001
  3.6089900e-001  5.8899700e-001 -7.2307300e-001 -3.2748300e-001 -3.6299600e-001  8.0290200e-001  4.7284500e-001  1.9928800e-001  8.5906100e-001  9.1823000e-002  5.0357000e-001  6.9571700e-001
  3.6083200e-001  5.8898700e-001 -7.2311400e-001 -3.2748300e-001 -3.6295400e-001  8.0290800e-001  4.7286700e-001  1.9928700e-001  8.5910700e-001  9.1831000e-002  5.0349100e-001  6.9567500e-001
  3.6076600e-001  5.8897400e-001 -7.2315800e-001 -3.2748400e-001 -3.6291100e-001  8.0291700e-001  4.7288500e-001  1.9928300e-001  8.5915300e-001  9.1841000e-002  5.0341000e-001  6.9563300e-001
  3.6069600e-001  5.8896000e-001 -7.2320400e-001 -3.2748500e-001 -3.6286500e-001  8.0292600e-001  4.7290500e-001  1.9928000e-001  8.5920200e-001  9.1850000e-002  5.0332500e-001  6.9558800e-001
  3.6062300e-001  5.8895000e-001 -7.2324900e-001 -3.2748500e-001 -3.6281900e-001  8.0293200e-001  4.7293000e-001  1.9927800e-001  8.5925200e-001  9.1859000e-002  5.0323800e-001  6.9554200e-001
  3.6055600e-001  5.8893900e-001 -7.2329100e-001 -3.2748400e-001 -3.6277700e-001  8.0293900e-001  4.7295100e-001  1.9927500e-001  8.5929800e-001  9.1868000e-002  5.0315800e-001  6.9549900e-001
  3.6048700e-001  5.8892800e-001 -7.2333400e-001 -3.2748400e-001 -3.6273300e-001  8.0294600e-001  4.7297200e-001  1.9927300e-001  8.5934500e-001  9.1877000e-002  5.0307500e-001  6.9545600e-001
  3.6042400e-001  5.8891800e-001 -7.2337400e-001 -3.2748500e-001 -3.6269400e-001  8.0295200e-001  4.7299100e-001  1.9927000e-001  8.5938800e-001  9.1887000e-002  5.0300000e-001  6.9541700e-001
  3.6036300e-001  5.8890600e-001 -7.2341400e-001 -3.2748500e-001 -3.6265500e-001  8.0296000e-001  4.7300800e-001  1.9926700e-001  8.5943000e-001  9.1895000e-002  5.0292700e-001  6.9537700e-001
  3.6030600e-001  5.8889800e-001 -7.2344900e-001 -3.2748400e-001 -3.6262100e-001  8.0296500e-001  4.7302600e-001  1.9926500e-001  8.5946800e-001  9.1904000e-002  5.0286000e-001  6.9534200e-001
  3.6024800e-001  5.8889000e-001 -7.2348400e-001 -3.2748300e-001 -3.6258500e-001  8.0297000e-001  4.7304500e-001  1.9926400e-001  8.5950800e-001  9.1911000e-002  5.0279100e-001  6.9530500e-001
  3.6019400e-001  5.8888500e-001 -7.2351500e-001 -3.2748100e-001 -3.6255500e-001  8.0297300e-001  4.7306300e-001  1.9926200e-001  8.5954300e-001  9.1919000e-002  5.0272900e-001  6.9527300e-001
  3.6014700e-001  5.8887700e-001 -7.2354600e-001 -3.2747900e-001 -3.6252100e-001  8.0297800e-001  4.7308000e-001  1.9925900e-001  8.5957700e-001  9.1922000e-002  5.0267000e-001  6.9524100e-001
  3.6009700e-001  5.8887000e-001 -7.2357600e-001 -3.2747700e-001 -3.6249100e-001  8.0298300e-001  4.7309500e-001  1.9925600e-001  8.5961100e-001  9.1930000e-002  5.0261200e-001  6.9521000e-001
  3.6004800e-001  5.8886400e-001 -7.2360500e-001 -3.2747400e-001 -3.6246400e-001  8.0298600e-001  4.7311000e-001  1.9925400e-001  8.5964300e-001  9.1938000e-002  5.0255600e-001  6.9518000e-001
  3.6000200e-001  5.8885800e-001 -7.2363300e-001 -3.2747000e-001 -3.6243600e-001  8.0299000e-001  4.7312500e-001  1.9925000e-001  8.5967400e-001  9.1945000e-002  5.0250100e-001  6.9515000e-001
  3.5996100e-001  5.8885300e-001 -7.2365700e-001 -3.2746500e-001 -3.6241200e-001  8.0299300e-001  4.7313900e-001  1.9924700e-001  8.5970100e-001  9.1950000e-002  5.0245400e-001  6.9512400e-001
  3.5993400e-001  5.8884900e-001 -7.2367400e-001 -3.2746100e-001 -3.6239400e-001  8.0299600e-001  4.7314800e-001  1.9924300e-001  8.5972000e-001  9.1953000e-002  5.0242100e-001  6.9510600e-001
  3.5991600e-001  5.8884600e-001 -7.2368600e-001 -3.2745800e-001 -3.6238200e-001  8.0299700e-001  4.7315400e-001  1.9924100e-001  8.5973200e-001  9.1956000e-002  5.0239900e-001  6.9509400e-001
  3.5989900e-001  5.8884300e-001 -7.2369600e-001 -3.2745500e-001 -3.6237300e-001  8.0299900e-001  4.7315800e-001  1.9923800e-001  8.5974300e-001  9.1958000e-002  5.0238000e-001  6.9508300e-001
  3.5987700e-001  5.8883900e-001 -7.2371000e-001 -3.2745000e-001 -3.6235900e-001  8.0300100e-001  4.7316400e-001  1.9923300e-001  8.5975800e-001  9.1962000e-002  5.0235300e-001  6.9506800e-001
  3.5985100e-001  5.8883500e-001 -7.2372700e-001 -3.2744300e-001 -3.6234400e-001  8.0300400e-001  4.7317200e-001  1.9922800e-001  8.5977600e-001  9.1967000e-002  5.0232200e-001  6.9505000e-001
  3.5982000e-001  5.8883100e-001 -7.2374500e-001 -3.2743600e-001 -3.6232500e-001  8.0300600e-001  4.7318300e-001  1.9922300e-001  8.5979700e-001  9.1970000e-002  5.0228600e-001  6.9502900e-001
  3.5979200e-001  5.8882800e-001 -7.2376200e-001 -3.2742800e-001 -3.6231100e-001  8.0300800e-001  4.7319000e-001  1.9921600e-001  8.5981400e-001  9.1977000e-002  5.0225500e-001  6.9501100e-001
  3.5976600e-001  5.8882300e-001 -7.2377900e-001 -3.2741900e-001 -3.6229500e-001  8.0301100e-001  4.7319700e-001  1.9920900e-001  8.5983200e-001  9.1982000e-002  5.0222400e-001  6.9499300e-001
  3.5974100e-001  5.8881900e-001 -7.2379400e-001 -3.2741000e-001 -3.6228100e-001  8.0301300e-001  4.7320400e-001  1.9920200e-001  8.5984800e-001  9.1986000e-002  5.0219500e-001  6.9497600e-001
  3.5971700e-001  5.8881600e-001 -7.2380900e-001 -3.2739900e-001 -3.6226900e-001  8.0301500e-001  4.7321100e-001  1.9919400e-001  8.5986400e-001  9.1991000e-002  5.0216800e-001  6.9495900e-001
  3.5969600e-001  5.8881000e-001 -7.2382400e-001 -3.2738900e-001 -3.6225600e-001  8.0301900e-001  4.7321400e-001  1.9918400e-001  8.5987700e-001  9.1997000e-002  5.0214300e-001  6.9494400e-001
  3.5967500e-001  5.8880700e-001 -7.2383700e-001 -3.2737800e-001 -3.6224500e-001  8.0302000e-001  4.7322000e-001  1.9917600e-001  8.5989100e-001  9.2001000e-002  5.0211900e-001  6.9492800e-001
  3.5965400e-001  5.8880200e-001 -7.2385200e-001 -3.2736700e-001 -3.6223300e-001  8.0302400e-001  4.7322300e-001  1.9916600e-001  8.5990500e-001  9.2007000e-002  5.0209400e-001  6.9491300e-001
  3.5964000e-001  5.8879600e-001 -7.2386300e-001 -3.2735400e-001 -3.6222500e-001  8.0302700e-001  4.7322300e-001  1.9915500e-001  8.5991400e-001  9.2011000e-002  5.0207800e-001  6.9490100e-001
  3.5962300e-001  5.8879200e-001 -7.2387500e-001 -3.2734000e-001 -3.6221600e-001  8.0303000e-001  4.7322500e-001  1.9914300e-001  8.5992500e-001  9.2017000e-002  5.0205800e-001  6.9488800e-001
  3.5961000e-001  5.8878700e-001 -7.2388600e-001 -3.2732500e-001 -3.6221000e-001  8.0303300e-001  4.7322500e-001  1.9913000e-001  8.5993300e-001  9.2022000e-002  5.0204300e-001  6.9487600e-001
  3.5960500e-001  5.8878000e-001 -7.2389400e-001 -3.2730600e-001 -3.6220600e-001  8.0303800e-001  4.7322000e-001  1.9911400e-001  8.5993700e-001  9.2026000e-002  5.0203600e-001  6.9486800e-001
  3.5960000e-001  5.8877400e-001 -7.2390100e-001 -3.2728900e-001 -3.6220400e-001  8.0304200e-001  4.7321500e-001  1.9909700e-001  8.5993900e-001  9.2032000e-002  5.0203000e-001  6.9486000e-001
  3.5960000e-001  5.8876600e-001 -7.2390800e-001 -3.2726700e-001 -3.6220600e-001  8.0304600e-001  4.7320600e-001  1.9907700e-001  8.5993900e-001  9.2038000e-002  5.0203000e-001  6.9485500e-001
  3.5959900e-001  5.8875900e-001 -7.2391400e-001 -3.2724400e-001 -3.6220700e-001  8.0305100e-001  4.7319700e-001  1.9905600e-001  8.5993900e-001  9.2045000e-002  5.0202900e-001  6.9484900e-001
  3.5960400e-001  5.8875500e-001 -7.2391500e-001 -3.2721600e-001 -3.6221500e-001  8.0305300e-001  4.7318800e-001  1.9903400e-001  8.5993300e-001  9.2052000e-002  5.0203700e-001  6.9484600e-001
  3.5960700e-001  5.8875000e-001 -7.2391800e-001 -3.2718700e-001 -3.6222000e-001  8.0305600e-001  4.7317900e-001  1.9900900e-001  8.5993000e-001  9.2060000e-002  5.0204100e-001  6.9484200e-001
  3.5960600e-001  5.8874900e-001 -7.2391900e-001 -3.2715500e-001 -3.6222700e-001  8.0305600e-001  4.7317300e-001  1.9898600e-001  8.5992700e-001  9.2067000e-002  5.0204400e-001  6.9483600e-001
  3.5960500e-001  5.8875100e-001 -7.2391700e-001 -3.2711800e-001 -3.6223700e-001  8.0305300e-001  4.7317000e-001  1.9896000e-001  8.5992300e-001  9.2076000e-002  5.0205000e-001  6.9483000e-001
  3.5959600e-001  5.8875400e-001 -7.2391900e-001 -3.2708200e-001 -3.6224400e-001  8.0305000e-001  4.7317100e-001  1.9893600e-001  8.5992400e-001  9.2085000e-002  5.0204600e-001  6.9482100e-001
  3.5958700e-001  5.8875800e-001 -7.2392100e-001 -3.2704300e-001 -3.6225000e-001  8.0304600e-001  4.7317200e-001  1.9891100e-001  8.5992600e-001  9.2094000e-002  5.0204200e-001  6.9481000e-001
  3.5957000e-001  5.8876200e-001 -7.2392600e-001 -3.2700100e-001 -3.6225300e-001  8.0304200e-001  4.7317700e-001  1.9888400e-001  8.5993100e-001  9.2104000e-002  5.0203100e-001  6.9479500e-001
  3.5954800e-001  5.8876600e-001 -7.2393400e-001 -3.2695400e-001 -3.6225400e-001  8.0303700e-001  4.7318400e-001  1.9885400e-001  8.5994000e-001  9.2116000e-002  5.0201300e-001  6.9477500e-001
  3.5951400e-001  5.8877300e-001 -7.2394400e-001 -3.2690200e-001 -3.6225200e-001  8.0303100e-001  4.7319700e-001  1.9882300e-001  8.5995500e-001  9.2129000e-002  5.0198500e-001  6.9474900e-001
  3.5947600e-001  5.8877700e-001 -7.2396000e-001 -3.2684100e-001 -3.6224600e-001  8.0302600e-001  4.7320900e-001  1.9878500e-001  8.5997400e-001  9.2144000e-002  5.0195100e-001  6.9471800e-001
  3.5943300e-001  5.8878200e-001 -7.2397700e-001 -3.2677400e-001 -3.6224100e-001  8.0302000e-001  4.7322300e-001  1.9874200e-001  8.5999400e-001  9.2162000e-002  5.0191300e-001  6.9468400e-001
  3.5938600e-001  5.8878300e-001 -7.2400000e-001 -3.2671000e-001 -3.6223200e-001  8.0301700e-001  4.7323500e-001  1.9869900e-001  8.6001700e-001  9.2182000e-002  5.0186900e-001  6.9464600e-001
  3.5935200e-001  5.8878700e-001 -7.2401400e-001 -3.2664100e-001 -3.6223400e-001  8.0301200e-001  4.7324200e-001  1.9865400e-001  8.6003100e-001  9.2202000e-002  5.0184300e-001  6.9461700e-001
  3.5931400e-001  5.8878800e-001 -7.2403200e-001 -3.2657400e-001 -3.6223100e-001  8.0300900e-001  4.7324900e-001  1.9860700e-001  8.6004800e-001  9.2222000e-002  5.0180900e-001  6.9458400e-001
  3.5929500e-001  5.8879100e-001 -7.2403900e-001 -3.2649700e-001 -3.6224200e-001  8.0300500e-001  4.7324800e-001  1.9855400e-001  8.6005100e-001  9.2241000e-002  5.0180000e-001  6.9456200e-001
  3.5927800e-001  5.8879900e-001 -7.2404100e-001 -3.2641400e-001 -3.6225700e-001  8.0299700e-001  4.7325100e-001  1.9850100e-001  8.6005200e-001  9.2260000e-002  5.0179500e-001  6.9454100e-001
  3.5926400e-001  5.8880800e-001 -7.2404000e-001 -3.2632600e-001 -3.6227600e-001  8.0298800e-001  4.7325100e-001  1.9844300e-001  8.6005000e-001  9.2280000e-002  5.0179600e-001  6.9452100e-001
  3.5924000e-001  5.8881800e-001 -7.2404400e-001 -3.2624000e-001 -3.6229000e-001  8.0297800e-001  4.7325700e-001  1.9838800e-001  8.6005400e-001  9.2301000e-002  5.0178500e-001  6.9449600e-001
  3.5924400e-001  5.8883000e-001 -7.2403300e-001 -3.2614500e-001 -3.6232300e-001  8.0296700e-001  4.7325000e-001  1.9832600e-001  8.6003800e-001  9.2322000e-002  5.0180700e-001  6.9448700e-001
  3.5922700e-001  5.8884900e-001 -7.2402500e-001 -3.2605700e-001 -3.6234900e-001  8.0295100e-001  4.7325900e-001  1.9827400e-001  8.6003400e-001  9.2342000e-002  5.0181100e-001  6.9447000e-001
  3.5924500e-001  5.8887100e-001 -7.2399900e-001 -3.2596900e-001 -3.6239600e-001  8.0293300e-001  4.7325300e-001  1.9822000e-001  8.6000700e-001  9.2361000e-002  5.0185400e-001  6.9447300e-001
  3.5926600e-001  5.8889600e-001 -7.2396800e-001 -3.2589200e-001 -3.6244300e-001  8.0291200e-001  4.7325100e-001  1.9817700e-001  8.5997800e-001  9.2375000e-002  5.0190000e-001  6.9448100e-001
  3.5929100e-001  5.8892100e-001 -7.2393500e-001 -3.2582500e-001 -3.6249000e-001  8.0289300e-001  4.7324800e-001  1.9814100e-001  8.5994800e-001  9.2386000e-002  5.0195000e-001  6.9449300e-001
  3.5931100e-001  5.8894200e-001 -7.2390800e-001 -3.2576200e-001 -3.6252900e-001  8.0287600e-001  4.7324700e-001  1.9810600e-001  8.5992300e-001  9.2395000e-002  5.0199100e-001  6.9450100e-001
  3.5931400e-001  5.8896700e-001 -7.2388600e-001 -3.2569500e-001 -3.6256300e-001  8.0285600e-001  4.7325400e-001  1.9807100e-001  8.5990800e-001  9.2408000e-002  5.0201500e-001  6.9449900e-001
  3.5929600e-001  5.8898900e-001 -7.2387700e-001 -3.2562300e-001 -3.6258400e-001  8.0283900e-001  4.7326800e-001  1.9803300e-001  8.5990600e-001  9.2423000e-002  5.0201500e-001  6.9448400e-001
  3.5925500e-001  5.8901200e-001 -7.2387900e-001 -3.2555300e-001 -3.6259200e-001  8.0282000e-001  4.7329400e-001  1.9799800e-001  8.5992000e-001  9.2440000e-002  5.0198800e-001  6.9445500e-001
  3.5920600e-001  5.8903200e-001 -7.2388600e-001 -3.2548700e-001 -3.6259500e-001  8.0280300e-001  4.7332100e-001  1.9796500e-001  8.5994000e-001  9.2458000e-002  5.0195200e-001  6.9442200e-001
  3.5916200e-001  5.8904400e-001 -7.2389900e-001 -3.2543400e-001 -3.6259200e-001  8.0279200e-001  4.7334000e-001  1.9793500e-001  8.5995900e-001  9.2474000e-002  5.0191500e-001  6.9439100e-001
  3.5913000e-001  5.8905700e-001 -7.2390400e-001 -3.2538600e-001 -3.6259600e-001  8.0278100e-001  4.7335700e-001  1.9790900e-001  8.5997100e-001  9.2488000e-002  5.0189300e-001  6.9436900e-001
  3.5910700e-001  5.8907100e-001 -7.2390400e-001 -3.2534500e-001 -3.6260400e-001  8.0276900e-001  4.7337100e-001  1.9788800e-001  8.5997700e-001  9.2500000e-002  5.0188000e-001  6.9435300e-001
  3.5909400e-001  5.8908400e-001 -7.2390000e-001 -3.2531100e-001 -3.6261300e-001  8.0275900e-001  4.7338100e-001  1.9787100e-001  8.5997900e-001  9.2508000e-002  5.0187500e-001  6.9434400e-001
  3.5908100e-001  5.8909700e-001 -7.2389600e-001 -3.2528800e-001 -3.6262100e-001  8.0274900e-001  4.7339300e-001  1.9786300e-001  8.5998100e-001  9.2514000e-002  5.0187100e-001  6.9433700e-001
  3.5906800e-001  5.8910800e-001 -7.2389300e-001 -3.2527300e-001 -3.6262500e-001  8.0274000e-001  4.7340400e-001  1.9785800e-001  8.5998400e-001  9.2518000e-002  5.0186400e-001  6.9433000e-001
  3.5906200e-001  5.8911600e-001 -7.2389000e-001 -3.2526000e-001 -3.6263100e-001  8.0273400e-001  4.7340900e-001  1.9785300e-001  8.5998500e-001  9.2521000e-002  5.0186300e-001  6.9432700e-001
  3.5904700e-001  5.8912300e-001 -7.2389200e-001 -3.2525300e-001 -3.6263000e-001  8.0272900e-001  4.7342000e-001  1.9785200e-001  8.5999100e-001  9.2524000e-002  5.0185100e-001  6.9431900e-001
  3.5903800e-001  5.8913200e-001 -7.2388900e-001 -3.2524500e-001 -3.6263200e-001  8.0272200e-001  4.7342900e-001  1.9785200e-001  8.5999400e-001  9.2526000e-002  5.0184600e-001  6.9431600e-001
  3.5902500e-001  5.8913900e-001 -7.2388900e-001 -3.2524000e-001 -3.6263100e-001  8.0271600e-001  4.7344000e-001  1.9785400e-001  8.6000000e-001  9.2528000e-002  5.0183500e-001  6.9430900e-001
  3.5900900e-001  5.8914300e-001 -7.2389400e-001 -3.2523700e-001 -3.6262500e-001  8.0271300e-001  4.7344900e-001  1.9785500e-001  8.6000900e-001  9.2530000e-002  5.0182000e-001  6.9430100e-001
  3.5899400e-001  5.8914600e-001 -7.2389900e-001 -3.2523500e-001 -3.6262000e-001  8.0271100e-001  4.7345800e-001  1.9785500e-001  8.6001800e-001  9.2532000e-002  5.0180400e-001  6.9429200e-001
  3.5898300e-001  5.8915200e-001 -7.2390000e-001 -3.2523100e-001 -3.6261800e-001  8.0270700e-001  4.7346600e-001  1.9785700e-001  8.6002300e-001  9.2533000e-002  5.0179400e-001  6.9428700e-001
  3.5897600e-001  5.8915400e-001 -7.2390200e-001 -3.2522800e-001 -3.6261700e-001  8.0270500e-001  4.7347100e-001  1.9785600e-001  8.6002600e-001  9.2534000e-002  5.0178900e-001  6.9428300e-001
  3.5897000e-001  5.8915800e-001 -7.2390200e-001 -3.2522400e-001 -3.6261700e-001  8.0270200e-001  4.7347600e-001  1.9785600e-001  8.6002900e-001  9.2535000e-002  5.0178400e-001  6.9428000e-001
  3.5896500e-001  5.8916300e-001 -7.2390000e-001 -3.2522200e-001 -3.6261700e-001  8.0269800e-001  4.7348100e-001  1.9785700e-001  8.6003100e-001  9.2536000e-002  5.0178100e-001  6.9427800e-001
  3.5895900e-001  5.8916400e-001 -7.2390200e-001 -3.2522000e-001 -3.6261500e-001  8.0269800e-001  4.7348400e-001  1.9785600e-001  8.6003400e-001  9.2537000e-002  5.0177500e-001  6.9427500e-001
  3.5895400e-001  5.8916400e-001 -7.2390400e-001 -3.2521800e-001 -3.6261300e-001  8.0269700e-001  4.7348600e-001  1.9785600e-001  8.6003700e-001  9.2537000e-002  5.0177000e-001  6.9427200e-001
  3.5895000e-001  5.8916500e-001 -7.2390600e-001 -3.2521600e-001 -3.6261200e-001  8.0269600e-001  4.7348800e-001  1.9785500e-001  8.6003900e-001  9.2538000e-002  5.0176700e-001  6.9427000e-001
  3.5894800e-001  5.8916300e-001 -7.2390900e-001 -3.2521400e-001 -3.6261000e-001  8.0269800e-001  4.7348700e-001  1.9785200e-001  8.6004100e-001  9.2539000e-002  5.0176300e-001  6.9426700e-001
  3.5894600e-001  5.8915700e-001 -7.2391400e-001 -3.2521400e-001 -3.6260700e-001  8.0270200e-001  4.7348300e-001  1.9784900e-001  8.6004300e-001  9.2541000e-002  5.0175900e-001  6.9426500e-001
  3.5894400e-001  5.8914200e-001 -7.2392700e-001 -3.2521700e-001 -3.6259900e-001  8.0271200e-001  4.7347200e-001  1.9784200e-001  8.6004700e-001  9.2545000e-002  5.0175100e-001  6.9426000e-001
  3.5895100e-001  5.8909000e-001 -7.2396600e-001 -3.2523200e-001 -3.6257700e-001  8.0274900e-001  4.7342600e-001  1.9781800e-001  8.6005300e-001  9.2557000e-002  5.0173900e-001  6.9425400e-001
  3.5896600e-001  5.8900800e-001 -7.2402600e-001 -3.2525500e-001 -3.6254200e-001  8.0280800e-001  4.7335300e-001  1.9778100e-001  8.6006200e-001  9.2572000e-002  5.0172100e-001  6.9424400e-001
  3.5898800e-001  5.8888700e-001 -7.2411300e-001 -3.2528900e-001 -3.6248900e-001  8.0289400e-001  4.7324800e-001  1.9772900e-001  8.6007500e-001  9.2593000e-002  5.0169500e-001  6.9423100e-001
  3.5902300e-001  5.8869100e-001 -7.2425500e-001 -3.2534500e-001 -3.6240300e-001  8.0303300e-001  4.7307600e-001  1.9764400e-001  8.6009700e-001  9.2627000e-002  5.0165100e-001  6.9420900e-001
  3.5905500e-001  5.8844900e-001 -7.2443500e-001 -3.2541300e-001 -3.6229200e-001  8.0320600e-001  4.7286900e-001  1.9753800e-001  8.6013000e-001  9.2671000e-002  5.0158600e-001  6.9417700e-001
  3.5910300e-001  5.8809900e-001 -7.2469600e-001 -3.2550900e-001 -3.6213200e-001  8.0345500e-001  4.7256800e-001  1.9738400e-001  8.6017700e-001  9.2736000e-002  5.0149300e-001  6.9413000e-001
  3.5915000e-001  5.8764500e-001 -7.2504100e-001 -3.2563100e-001 -3.6190900e-001  8.0377800e-001  4.7219000e-001  1.9718800e-001  8.6025200e-001  9.2812000e-002  5.0135100e-001  6.9405800e-001
  3.5919900e-001  5.8707100e-001 -7.2548200e-001 -3.2578300e-001 -3.6161300e-001  8.0418700e-001  4.7172000e-001  1.9694200e-001  8.6035600e-001  9.2902000e-002  5.0115500e-001  6.9395800e-001
  3.5925800e-001  5.8634500e-001 -7.2604000e-001 -3.2597200e-001 -3.6122900e-001  8.0470400e-001  4.7113100e-001  1.9663200e-001  8.6049200e-001  9.3009000e-002  5.0090100e-001  6.9382600e-001
  3.5934200e-001  5.8544000e-001 -7.2672800e-001 -3.2620800e-001 -3.6075300e-001  8.0534800e-001  4.7039500e-001  1.9624900e-001  8.6065700e-001  9.3137000e-002  5.0059400e-001  6.9366900e-001
  3.5945000e-001  5.8434600e-001 -7.2755400e-001 -3.2649300e-001 -3.6018200e-001  8.0612500e-001  4.6950200e-001  1.9578500e-001  8.6085100e-001  9.3289000e-002  5.0023200e-001  6.9348800e-001
  3.5958000e-001  5.8308900e-001 -7.2849800e-001 -3.2682400e-001 -3.5955200e-001  8.0701100e-001  4.6846000e-001  1.9524700e-001  8.6106000e-001  9.3484000e-002  4.9983600e-001  6.9328900e-001
  3.5975100e-001  5.8164300e-001 -7.2956900e-001 -3.2719700e-001 -3.5882400e-001  8.0803100e-001  4.6726000e-001  1.9462900e-001  8.6129200e-001  9.3690000e-002  4.9939700e-001  6.9306100e-001
  3.5993600e-001  5.7998200e-001 -7.3079900e-001 -3.2761900e-001 -3.5798200e-001  8.0919700e-001  4.6588600e-001  1.9392000e-001  8.6156600e-001  9.3923000e-002  4.9888200e-001  6.9279300e-001
  3.6009900e-001  5.7820500e-001 -7.3212500e-001 -3.2806800e-001 -3.5707600e-001  8.1043700e-001  4.6442400e-001  1.9315900e-001  8.6187300e-001  9.4186000e-002  4.9830000e-001  6.9249000e-001
  3.6028200e-001  5.7627400e-001 -7.3355600e-001 -3.2855400e-001 -3.5608600e-001  8.1177900e-001  4.6283600e-001  1.9233600e-001  8.6220600e-001  9.4458000e-002  4.9767300e-001  6.9216900e-001
  3.6048600e-001  5.7423700e-001 -7.3505200e-001 -3.2906300e-001 -3.5505500e-001  8.1318800e-001  4.6115100e-001  1.9146700e-001  8.6254600e-001  9.4746000e-002  4.9702900e-001  6.9183500e-001
  3.6072200e-001  5.7212500e-001 -7.3658100e-001 -3.2958700e-001 -3.5400100e-001  8.1464100e-001  4.5939400e-001  1.9056500e-001  8.6288100e-001  9.5036000e-002  4.9639200e-001  6.9150800e-001
  3.6100600e-001  5.6991600e-001 -7.3815300e-001 -3.3013600e-001 -3.5292600e-001  8.1615300e-001  4.5753400e-001  1.8962200e-001  8.6320200e-001  9.5340000e-002  4.9577400e-001  6.9118700e-001
  3.6128100e-001  5.6765100e-001 -7.3976300e-001 -3.3069600e-001 -3.5182400e-001  8.1769300e-001  4.5562900e-001  1.8865400e-001  8.6353700e-001  9.5656000e-002  4.9513000e-001  6.9085000e-001
  3.6157200e-001  5.6531900e-001 -7.4140400e-001 -3.3126400e-001 -3.5069100e-001  8.1927000e-001  4.5366500e-001  1.8765800e-001  8.6387600e-001  9.5971000e-002  4.9447800e-001  6.9050800e-001
  3.6191000e-001  5.6284200e-001 -7.4312100e-001 -3.3186900e-001 -3.4952000e-001  8.2093400e-001  4.5155700e-001  1.8659700e-001  8.6420900e-001  9.6313000e-002  4.9382900e-001  6.9016900e-001
  3.6228000e-001  5.6030000e-001 -7.4486100e-001 -3.3248400e-001 -3.4832500e-001  8.2263200e-001  4.4938500e-001  1.8551100e-001  8.6453600e-001  9.6650000e-002  4.9318900e-001  6.8983700e-001
  3.6267000e-001  5.5770300e-001 -7.4661700e-001 -3.3310800e-001 -3.4711400e-001  8.2435400e-001  4.4716000e-001  1.8440200e-001  8.6486000e-001  9.6990000e-002  4.9255500e-001  6.8951400e-001
  3.6305000e-001  5.5498300e-001 -7.4845700e-001 -3.3375900e-001 -3.4584800e-001  8.2614500e-001  4.4483000e-001  1.8324100e-001  8.6520700e-001  9.7357000e-002  4.9187200e-001  6.8916800e-001
  3.6340100e-001  5.5218200e-001 -7.5035600e-001 -3.3442100e-001 -3.4452400e-001  8.2797600e-001  4.4244700e-001  1.8204800e-001  8.6558800e-001  9.7730000e-002  4.9112700e-001  6.8878800e-001
  3.6366600e-001  5.4927100e-001 -7.5236200e-001 -3.3510700e-001 -3.4311200e-001  8.2986300e-001  4.4000200e-001  1.8081500e-001  8.6603800e-001  9.8131000e-002  4.9025400e-001  6.8835800e-001
  3.6385300e-001  5.4627700e-001 -7.5444800e-001 -3.3581400e-001 -3.4161200e-001  8.3178900e-001  4.3752600e-001  1.7956400e-001  8.6655200e-001  9.8533000e-002  4.8926400e-001  6.8788600e-001
  3.6391700e-001  5.4319500e-001 -7.5663900e-001 -3.3655700e-001 -3.4001800e-001  8.3375400e-001  4.3501900e-001  1.7829600e-001  8.6715200e-001  9.8960000e-002  4.8811400e-001  6.8737300e-001
  3.6388500e-001  5.4001700e-001 -7.5892600e-001 -3.3732600e-001 -3.3833200e-001  8.3576400e-001  4.3247000e-001  1.7700300e-001  8.6782400e-001  9.9399000e-002  4.8682700e-001  6.8681500e-001
  3.6372000e-001  5.3678700e-001 -7.6129300e-001 -3.3811900e-001 -3.3656000e-001  8.3778900e-001  4.2992700e-001  1.7571000e-001  8.6858200e-001  9.9848000e-002  4.8538200e-001  6.8620600e-001
  3.6338600e-001  5.3350400e-001 -7.6375700e-001 -3.3894200e-001 -3.3468300e-001  8.3982900e-001  4.2740400e-001  1.7442700e-001  8.6944700e-001  1.0030400e-001  4.8373700e-001  6.8555700e-001
  3.6291000e-001  5.3010500e-001 -7.6634600e-001 -3.3983000e-001 -3.3268000e-001  8.4192300e-001  4.2484000e-001  1.7313400e-001  8.7041400e-001  1.0077000e-001  4.8189700e-001  6.8487000e-001
  3.6213700e-001  5.2659100e-001 -7.6912900e-001 -3.4074900e-001 -3.3048300e-001  8.4406700e-001  4.2229300e-001  1.7182700e-001  8.7157200e-001  1.0125500e-001  4.7969700e-001  6.8414800e-001
  3.6082600e-001  5.2297000e-001 -7.7220900e-001 -3.4171000e-001 -3.2799500e-001  8.4625200e-001  4.1985400e-001  1.7053400e-001  8.7305400e-001  1.0178600e-001  4.7688100e-001  6.8338600e-001
  3.5973800e-001  5.1934300e-001 -7.7515900e-001 -3.4269100e-001 -3.2562500e-001  8.4842200e-001  4.1731200e-001  1.6923500e-001  8.7439000e-001  1.0228800e-001  4.7432100e-001  6.8260100e-001
  3.5863700e-001  5.1562400e-001 -7.7814600e-001 -3.4374900e-001 -3.2320600e-001  8.5062800e-001  4.1469200e-001  1.6793900e-001  8.7573800e-001  1.0277700e-001  4.7172000e-001  6.8181300e-001
  3.5766200e-001  5.1192000e-001 -7.8103500e-001 -3.4479000e-001 -3.2086900e-001  8.5280600e-001  4.1202400e-001  1.6663700e-001  8.7699500e-001  1.0324500e-001  4.6927600e-001  6.8104600e-001
  3.5682300e-001  5.0822000e-001 -7.8383100e-001 -3.4588900e-001 -3.1859500e-001  8.5496500e-001  4.0930800e-001  1.6536500e-001  8.7816600e-001  1.0367400e-001  4.6698700e-001  6.8021000e-001
  3.5589000e-001  5.0449500e-001 -7.8665600e-001 -3.4697800e-001 -3.1627300e-001  8.5711700e-001  4.0659900e-001  1.6409000e-001  8.7938300e-001  1.0409300e-001  4.6459700e-001  6.7938900e-001
  3.5462400e-001  5.0075100e-001 -7.8961400e-001 -3.4811300e-001 -3.1379900e-001  8.5925800e-001  4.0398600e-001  1.6286100e-001  8.8077900e-001  1.0451700e-001  4.6184900e-001  6.7852500e-001
  3.5306500e-001  4.9698600e-001 -7.9268500e-001 -3.4925700e-001 -3.1120200e-001  8.6138900e-001  4.0145100e-001  1.6165200e-001  8.8232600e-001  1.0494700e-001  4.5878900e-001  6.7765800e-001
  3.5107900e-001  4.9312000e-001 -7.9597500e-001 -3.5046900e-001 -3.0838200e-001  8.6355300e-001  3.9896900e-001  1.6046200e-001  8.8410600e-001  1.0539500e-001  4.5524500e-001  6.7674500e-001
  3.4869200e-001  4.8920100e-001 -7.9943500e-001 -3.5169400e-001 -3.0539100e-001  8.6572200e-001  3.9656200e-001  1.5928500e-001  8.8608700e-001  1.0586200e-001  4.5126800e-001  6.7584300e-001
  3.4584100e-001  4.8525000e-001 -8.0307300e-001 -3.5294400e-001 -3.0221200e-001  8.6788400e-001  3.9426500e-001  1.5814100e-001  8.8829100e-001  1.0634600e-001  4.4679900e-001  6.7490200e-001
  3.4276700e-001  4.8120700e-001 -8.0681500e-001 -3.5422800e-001 -2.9893200e-001  8.7007200e-001  3.9193700e-001  1.5698500e-001  8.9059000e-001  1.0684000e-001  4.4208000e-001  6.7393600e-001
  3.3968500e-001  4.7719900e-001 -8.1049000e-001 -3.5550700e-001 -2.9568600e-001  8.7222000e-001  3.8961900e-001  1.5584900e-001  8.9285100e-001  1.0730300e-001  4.3738100e-001  6.7294000e-001
  3.3676700e-001  4.7326800e-001 -8.1400600e-001 -3.5679900e-001 -2.9256900e-001  8.7430700e-001  3.8728700e-001  1.5474600e-001  8.9498100e-001  1.0772700e-001  4.3290100e-001  6.7191000e-001
  3.3388300e-001  4.6946600e-001 -8.1738800e-001 -3.5803400e-001 -2.8954500e-001  8.7630600e-001  3.8503400e-001  1.5368300e-001  8.9704300e-001  1.0811500e-001  4.2851500e-001  6.7092700e-001
  3.3060800e-001  4.6567600e-001 -8.2088000e-001 -3.5931800e-001 -2.8638300e-001  8.7827900e-001  3.8289800e-001  1.5268100e-001  8.9926800e-001  1.0849700e-001  4.2372800e-001  6.6988500e-001
  3.2715500e-001  4.6197400e-001 -8.2434800e-001 -3.6055000e-001 -2.8322100e-001  8.8018600e-001  3.8086500e-001  1.5171000e-001  9.0153000e-001  1.0887100e-001  4.1879700e-001  6.6888000e-001
  3.2333000e-001  4.5833000e-001 -8.2788400e-001 -3.6181500e-001 -2.7994800e-001  8.8204500e-001  3.7898100e-001  1.5081500e-001  9.0392900e-001  1.0922800e-001  4.1350000e-001  6.6779600e-001
  3.1953400e-001  4.5475600e-001 -8.3132100e-001 -3.6304400e-001 -2.7674900e-001  8.8385100e-001  3.7711700e-001  1.4993200e-001  9.0626100e-001  1.0956500e-001  4.0827400e-001  6.6672800e-001
  3.1566500e-001  4.5124900e-001 -8.3470400e-001 -3.6429300e-001 -2.7356600e-001  8.8560900e-001  3.7531200e-001  1.4910200e-001  9.0858000e-001  1.0987400e-001  4.0300200e-001  6.6559400e-001
  3.1163000e-001  4.4779500e-001 -8.3807300e-001 -3.6551500e-001 -2.7032800e-001  8.8732800e-001  3.7359400e-001  1.4829400e-001  9.1093900e-001  1.1013200e-001  3.9757000e-001  6.6446400e-001
  3.0703100e-001  4.4431500e-001 -8.4161500e-001 -3.6677600e-001 -2.6685700e-001  8.8904600e-001  3.7200200e-001  1.4753500e-001  9.1352000e-001  1.1037400e-001  3.9153300e-001  6.6325300e-001
  3.0219400e-001  4.4083400e-001 -8.4518900e-001 -3.6801300e-001 -2.6336000e-001  8.9074300e-001  3.7043100e-001  1.4677900e-001  9.1614400e-001  1.1064700e-001  3.8527500e-001  6.6204800e-001
  2.9714600e-001  4.3737200e-001 -8.4876900e-001 -3.6929600e-001 -2.5974400e-001  8.9242400e-001  3.6893400e-001  1.4607100e-001  9.1882400e-001  1.1083600e-001  3.7878500e-001  6.6074600e-001
  2.9213100e-001  4.3405200e-001 -8.5220800e-001 -3.7053500e-001 -2.5612800e-001  8.9403600e-001  3.6755700e-001  1.4540100e-001  9.2144300e-001  1.1090000e-001  3.7234900e-001  6.5945500e-001
  2.8673000e-001  4.3080600e-001 -8.5568200e-001 -3.7180800e-001 -2.5211500e-001  8.9563400e-001  3.6643900e-001  1.4480300e-001  9.2424200e-001  1.1066100e-001  3.6541700e-001  6.5809200e-001
  2.8130100e-001  4.2772700e-001 -8.5902200e-001 -3.7304100e-001 -2.4760000e-001  8.9721000e-001  3.6566100e-001  1.4424000e-001  9.2712700e-001  1.0983300e-001  3.5829200e-001  6.5673500e-001
  2.7615600e-001  4.2492700e-001 -8.6207600e-001 -3.7427200e-001 -2.4240800e-001  8.9875200e-001  3.6535300e-001  1.4374800e-001  9.3004100e-001  1.0808000e-001  3.5120200e-001  6.5533800e-001
  2.7128700e-001  4.2243700e-001 -8.6484100e-001 -3.7550100e-001 -2.3630100e-001  9.0027000e-001  3.6561800e-001  1.4333000e-001  9.3304100e-001  1.0517600e-001  3.4405300e-001  6.5388000e-001
  2.6652100e-001  4.2016700e-001 -8.6742500e-001 -3.7671700e-001 -2.2925500e-001  9.0178400e-001  3.6637000e-001  1.4294500e-001  9.3616700e-001  1.0121600e-001  3.3667000e-001  6.5240300e-001
  2.6186200e-001  4.1813100e-001 -8.6982400e-001 -3.7795600e-001 -2.2147900e-001  9.0325600e-001  3.6752600e-001  1.4262400e-001  9.3934800e-001  9.6407000e-002  3.2913600e-001  6.5087400e-001
  2.5767700e-001  4.1628300e-001 -8.7195800e-001 -3.7918000e-001 -2.1335700e-001  9.0467000e-001  3.6885000e-001  1.4231300e-001  9.4238100e-001  9.0994000e-002  3.2193000e-001  6.4932400e-001
  2.5384900e-001  4.1462700e-001 -8.7386800e-001 -3.8038100e-001 -2.0515000e-001  9.0598700e-001  3.7027200e-001  1.4202800e-001  9.4523800e-001  8.5281000e-002  3.1504500e-001  6.4775000e-001
  2.5011100e-001  4.1315700e-001 -8.7564000e-001 -3.8157400e-001 -1.9680900e-001  9.0719700e-001  3.7183200e-001  1.4180300e-001  9.4800400e-001  7.9335000e-002  3.0821300e-001  6.4614700e-001
  2.4640000e-001  4.1176100e-001 -8.7734800e-001 -3.8276900e-001 -1.8850000e-001  9.0833200e-001  3.7336300e-001  1.4159500e-001  9.5066000e-001  7.3384000e-002  3.0143000e-001  6.4450400e-001
  2.4284800e-001  4.1047100e-001 -8.7894100e-001 -3.8394200e-001 -1.8045400e-001  9.0936500e-001  3.7482100e-001  1.4141600e-001  9.5313200e-001  6.7584000e-002  2.9490900e-001  6.4283600e-001
  2.3962200e-001  4.0929600e-001 -8.8037400e-001 -3.8510500e-001 -1.7294900e-001  9.1028400e-001  3.7612800e-001  1.4126900e-001  9.5533800e-001  6.2131000e-002  2.8891200e-001  6.4114500e-001
  2.3656600e-001  4.0818300e-001 -8.8171600e-001 -3.8626400e-001 -1.6596500e-001  9.1111400e-001  3.7726400e-001  1.4115100e-001  9.5733600e-001  5.7086000e-002  2.8328200e-001  6.3941300e-001
  2.3397600e-001  4.0722100e-001 -8.8285100e-001 -3.8741200e-001 -1.5964200e-001  9.1182300e-001  3.7827600e-001  1.4108300e-001  9.5904600e-001  5.2433000e-002  2.7835400e-001  6.3766600e-001
  2.3150500e-001  4.0633000e-001 -8.8391300e-001 -3.8854100e-001 -1.5374400e-001  9.1245900e-001  3.7918600e-001  1.4104700e-001  9.6060800e-001  4.8113000e-002  2.7370900e-001  6.3593300e-001
  2.2901000e-001  4.0553700e-001 -8.8492600e-001 -3.8967700e-001 -1.4802200e-001  9.1302200e-001  3.8010600e-001  1.4105600e-001  9.6210400e-001  4.3940000e-002  2.6911900e-001  6.3415300e-001
  2.2637100e-001  4.0486400e-001 -8.8591300e-001 -3.9078100e-001 -1.4237200e-001  9.1350800e-001  3.8109500e-001  1.4111800e-001  9.6358000e-001  3.9860000e-002  2.6443300e-001  6.3234700e-001
  2.2314700e-001  4.0419500e-001 -8.8703600e-001 -3.9190400e-001 -1.3674300e-001  9.1396300e-001  3.8206500e-001  1.4122900e-001  9.6514600e-001  3.6040000e-002  2.5921900e-001  6.3049100e-001
  2.2023800e-001  4.0363700e-001 -8.8801600e-001 -3.9301200e-001 -1.3126200e-001  9.1435300e-001  3.8305300e-001  1.4135200e-001  9.6657400e-001  3.2200000e-002  2.5435700e-001  6.2865000e-001
  2.1741100e-001  4.0318600e-001 -8.8891700e-001 -3.9413100e-001 -1.2590100e-001  9.1467700e-001  3.8407700e-001  1.4152100e-001  9.6792600e-001  2.8413000e-002  2.4962200e-001  6.2680900e-001
  2.1463900e-001  4.0282100e-001 -8.8975600e-001 -3.9525800e-001 -1.2039400e-001  9.1495200e-001  3.8518500e-001  1.4171200e-001  9.6924500e-001  2.4445000e-002  2.4488200e-001  6.2501200e-001
  2.1193400e-001  4.0255500e-001 -8.9052400e-001 -3.9639700e-001 -1.1464300e-001  9.1517300e-001  3.8641400e-001  1.4192100e-001  9.7053600e-001  2.0198000e-002  2.4010600e-001  6.2323600e-001
  2.0925200e-001  4.0233900e-001 -8.9125600e-001 -3.9754900e-001 -1.0865600e-001  9.1535600e-001  3.8770800e-001  1.4212900e-001  9.7180600e-001  1.5711000e-002  2.3525700e-001  6.2147700e-001
  2.0639100e-001  4.0215900e-001 -8.9200400e-001 -3.9873400e-001 -1.0206500e-001  9.1550700e-001  3.8914000e-001  1.4233200e-001  9.7313200e-001  1.0727000e-002  2.2999900e-001  6.1970800e-001
  2.0401600e-001  4.0212000e-001 -8.9256800e-001 -3.9992000e-001 -9.5360000e-002  9.1557100e-001  3.9068600e-001  1.4253200e-001  9.7431200e-001  5.4090000e-003  2.2513800e-001  6.1795500e-001
  2.0199900e-001  4.0219900e-001 -8.9299100e-001 -4.0109300e-001 -8.8622000e-002  9.1555200e-001  3.9231400e-001  1.4273300e-001  9.7536800e-001 -1.0900000e-004  2.2058500e-001  6.1624100e-001
  2.0018400e-001  4.0240900e-001 -8.9330500e-001 -4.0225900e-001 -8.1869000e-002  9.1544200e-001  3.9403500e-001  1.4295900e-001  9.7633200e-001 -5.7460000e-003  2.1620200e-001  6.1453300e-001
  1.9844400e-001  4.0264200e-001 -8.9358800e-001 -4.0342300e-001 -7.5227000e-002  9.1528800e-001  3.9571400e-001  1.4317500e-001  9.7722100e-001 -1.1305000e-002  2.1192300e-001  6.1283000e-001
  1.9660600e-001  4.0296200e-001 -8.9385000e-001 -4.0457900e-001 -6.8770000e-002  9.1506500e-001  3.9740000e-001  1.4343600e-001  9.7806800e-001 -1.6661000e-002  2.0761900e-001  6.1110700e-001
  1.9466700e-001  4.0328300e-001 -8.9412900e-001 -4.0572200e-001 -6.2580000e-002  9.1481700e-001  3.9899000e-001  1.4370200e-001  9.7887100e-001 -2.1716000e-002  2.0332200e-001  6.0938200e-001
  1.9257600e-001  4.0357100e-001 -8.9445200e-001 -4.0685200e-001 -5.6870000e-002  9.1457200e-001  4.0040500e-001  1.4397900e-001  9.7963300e-001 -2.6241000e-002  1.9907600e-001  6.0766300e-001
  1.9026600e-001  4.0385600e-001 -8.9481800e-001 -4.0795100e-001 -5.1867000e-002  9.1433000e-001  4.0163400e-001  1.4430300e-001  9.8036200e-001 -3.0006000e-002  1.9491200e-001  6.0595800e-001
  1.8759600e-001  4.0402400e-001 -8.9530600e-001 -4.0903200e-001 -4.7883000e-002  9.1416600e-001  4.0250200e-001  1.4466200e-001  9.8107900e-001 -3.2638000e-002  1.9083900e-001  6.0425400e-001
  1.8451400e-001  4.0400800e-001 -8.9595300e-001 -4.1011100e-001 -4.4966000e-002  9.1412100e-001  4.0294000e-001  1.4504300e-001  9.8180100e-001 -3.4061000e-002  1.8683500e-001  6.0253700e-001
  1.8114300e-001  4.0389400e-001 -8.9669200e-001 -4.1116000e-001 -4.3007000e-002  9.1415700e-001  4.0307300e-001  1.4546500e-001  9.8251600e-001 -3.4450000e-002  1.8296300e-001  6.0084100e-001
  1.7777900e-001  4.0386700e-001 -8.9737700e-001 -4.1217400e-001 -4.1205000e-002  9.1415900e-001  4.0325700e-001  1.4592600e-001  9.8320700e-001 -3.4714000e-002  1.7915900e-001  5.9916800e-001
  1.7444100e-001  4.0392900e-001 -8.9800400e-001 -4.1315700e-001 -3.9447000e-002  9.1412200e-001  4.0351600e-001  1.4641500e-001  9.8387700e-001 -3.4966000e-002  1.7539400e-001  5.9750900e-001
  1.7112000e-001  4.0406700e-001 -8.9858100e-001 -4.1411600e-001 -3.7727000e-002  9.1405200e-001  4.0384000e-001  1.4693100e-001  9.8452800e-001 -3.5205000e-002  1.7165700e-001  5.9585900e-001
  1.6780700e-001  4.0434000e-001 -8.9908300e-001 -4.1504200e-001 -3.6052000e-002  9.1392200e-001  4.0428500e-001  1.4749900e-001  9.8516000e-001 -3.5428000e-002  1.6794000e-001  5.9421600e-001
  1.6456000e-001  4.0466100e-001 -8.9953800e-001 -4.1593000e-001 -3.4447000e-002  9.1377300e-001  4.0476300e-001  1.4807500e-001  9.8576500e-001 -3.5621000e-002  1.6431000e-001  5.9260700e-001
  1.6138400e-001  4.0502200e-001 -8.9995100e-001 -4.1678900e-001 -3.2916000e-002  9.1360600e-001  4.0526500e-001  1.4865700e-001  9.8634300e-001 -3.5780000e-002  1.6077300e-001  5.9103200e-001
  1.5827900e-001  4.0548300e-001 -9.0029500e-001 -4.1760000e-001 -3.1455000e-002  9.1339700e-001  4.0585300e-001  1.4926800e-001  9.8689300e-001 -3.5919000e-002  1.5732600e-001  5.8949700e-001
  1.5522500e-001  4.0589800e-001 -9.0064000e-001 -4.1839300e-001 -3.0068000e-002  9.1320900e-001  4.0638100e-001  1.4985100e-001  9.8742100e-001 -3.6000000e-002  1.5395700e-001  5.8799200e-001
