  3.4999200e-001  7.0110900e-001 -6.2125000e-001 -3.2140600e-001 -3.8483100e-001  7.1226100e-001  5.8701800e-001  1.8316200e-001  8.5405600e-001  3.3625000e-002  5.1909400e-001  6.8862900e-001
  3.4999300e-001  7.0110900e-001 -6.2125000e-001 -3.2140600e-001 -3.8483100e-001  7.1226100e-001  5.8701700e-001  1.8316200e-001  8.5405500e-001  3.3625000e-002  5.1909500e-001  6.8862900e-001
  3.4999200e-001  7.0110800e-001 -6.2125100e-001 -3.2140600e-001 -3.8483300e-001  7.1226100e-001  5.8701600e-001  1.8316200e-001  8.5405500e-001  3.3627000e-002  5.1909500e-001  6.8862900e-001
  3.4999100e-001  7.0110900e-001 -6.2125100e-001 -3.2140600e-001 -3.8483200e-001  7.1226100e-001  5.8701700e-001  1.8316200e-001  8.5405500e-001  3.3627000e-002  5.1909400e-001  6.8862900e-001
  3.4999200e-001  7.0110800e-001 -6.2125100e-001 -3.2140600e-001 -3.8483300e-001  7.1226100e-001  5.8701600e-001  1.8316200e-001  8.5405500e-001  3.3627000e-002  5.1909500e-001  6.8862900e-001
  3.4999100e-001  7.0110900e-001 -6.2125100e-001 -3.2140600e-001 -3.8483200e-001  7.1226100e-001  5.8701700e-001  1.8316200e-001  8.5405500e-001  3.3627000e-002  5.1909400e-001  6.8862900e-001
  3.4999300e-001  7.0110900e-001 -6.2125000e-001 -3.2140600e-001 -3.8483100e-001  7.1226100e-001  5.8701700e-001  1.8316200e-001  8.5405500e-001  3.3625000e-002  5.1909500e-001  6.8862900e-001
  3.4999200e-001  7.0110900e-001 -6.2125000e-001 -3.2140600e-001 -3.8483100e-001  7.1226100e-001  5.8701800e-001  1.8316200e-001  8.5405600e-001  3.3625000e-002  5.1909400e-001  6.8862900e-001
  3.4999100e-001  7.0110900e-001 -6.2125100e-001 -3.2140600e-001 -3.8483200e-001  7.1226100e-001  5.8701700e-001  1.8316200e-001  8.5405500e-001  3.3627000e-002  5.1909400e-001  6.8862900e-001
  3.4999100e-001  7.0110900e-001 -6.2125100e-001 -3.2140600e-001 -3.8483200e-001  7.1226100e-001  5.8701700e-001  1.8316200e-001  8.5405500e-001  3.3627000e-002  5.1909400e-001  6.8862900e-001
  3.4999300e-001  7.0110900e-001 -6.2125000e-001 -3.2140600e-001 -3.8483100e-001  7.1226100e-001  5.8701700e-001  1.8316200e-001  8.5405500e-001  3.3625000e-002  5.1909500e-001  6.8862900e-001
  3.4999200e-001  7.0110800e-001 -6.2125100e-001 -3.2140600e-001 -3.8483300e-001  7.1226100e-001  5.8701600e-001  1.8316200e-001  8.5405500e-001  3.3627000e-002  5.1909500e-001  6.8862900e-001
  3.4999200e-001  7.0110900e-001 -6.2125000e-001 -3.2140600e-001 -3.8483100e-001  7.1226100e-001  5.8701800e-001  1.8316200e-001  8.5405600e-001  3.3625000e-002  5.1909400e-001  6.8862900e-001
  3.4999200e-001  7.0110900e-001 -6.2125000e-001 -3.2140600e-001 -3.8483100e-001  7.1226100e-001  5.8701800e-001  1.8316200e-001  8.5405600e-001  3.3625000e-002  5.1909400e-001  6.8862900e-001
  3.4999200e-001  7.0110900e-001 -6.2125000e-001 -3.2140600e-001 -3.8483100e-001  7.1226100e-001  5.8701800e-001  1.8316200e-001  8.5405600e-001  3.3625000e-002  5.1909400e-001  6.8862900e-001
  3.4999200e-001  7.0110900e-001 -6.2125000e-001 -3.2140600e-001 -3.8483100e-001  7.1226100e-001  5.8701800e-001  1.8316200e-001  8.5405600e-001  3.3625000e-002  5.1909400e-001  6.8862900e-001
  3.4999200e-001  7.0110900e-001 -6.2125000e-001 -3.2140600e-001 -3.8483100e-001  7.1226100e-001  5.8701800e-001  1.8316200e-001  8.5405600e-001  3.3625000e-002  5.1909400e-001  6.8862900e-001
  3.4999100e-001  7.0110900e-001 -6.2125100e-001 -3.2140600e-001 -3.8483200e-001  7.1226100e-001  5.8701700e-001  1.8316200e-001  8.5405500e-001  3.3627000e-002  5.1909400e-001  6.8862900e-001
  3.4999200e-001  7.0110900e-001 -6.2125000e-001 -3.2140600e-001 -3.8483100e-001  7.1226100e-001  5.8701800e-001  1.8316200e-001  8.5405600e-001  3.3625000e-002  5.1909400e-001  6.8862900e-001
  3.4999200e-001  7.0110900e-001 -6.2125000e-001 -3.2140600e-001 -3.8483100e-001  7.1226100e-001  5.8701800e-001  1.8316200e-001  8.5405600e-001  3.3625000e-002  5.1909400e-001  6.8862900e-001
  3.4999100e-001  7.0110900e-001 -6.2125100e-001 -3.2140600e-001 -3.8483200e-001  7.1226100e-001  5.8701700e-001  1.8316200e-001  8.5405500e-001  3.3627000e-002  5.1909400e-001  6.8862900e-001
  3.4999100e-001  7.0110900e-001 -6.2125100e-001 -3.2140600e-001 -3.8483200e-001  7.1226100e-001  5.8701700e-001  1.8316200e-001  8.5405500e-001  3.3627000e-002  5.1909400e-001  6.8862900e-001
  3.4999100e-001  7.0110900e-001 -6.2125100e-001 -3.2140600e-001 -3.8483200e-001  7.1226100e-001  5.8701700e-001  1.8316200e-001  8.5405500e-001  3.3627000e-002  5.1909400e-001  6.8862900e-001
  3.4999200e-001  7.0110800e-001 -6.2125100e-001 -3.2140600e-001 -3.8483300e-001  7.1226100e-001  5.8701600e-001  1.8316200e-001  8.5405500e-001  3.3627000e-002  5.1909500e-001  6.8862900e-001
  3.4999200e-001  7.0110800e-001 -6.2125100e-001 -3.2140600e-001 -3.8483300e-001  7.1226100e-001  5.8701600e-001  1.8316200e-001  8.5405500e-001  3.3627000e-002  5.1909500e-001  6.8862900e-001
  3.4999200e-001  7.0110900e-001 -6.2125000e-001 -3.2140600e-001 -3.8483100e-001  7.1226100e-001  5.8701800e-001  1.8316200e-001  8.5405600e-001  3.3625000e-002  5.1909400e-001  6.8862900e-001
  3.4999300e-001  7.0110900e-001 -6.2125000e-001 -3.2140600e-001 -3.8483100e-001  7.1226100e-001  5.8701700e-001  1.8316200e-001  8.5405500e-001  3.3625000e-002  5.1909500e-001  6.8862900e-001
  3.4999200e-001  7.0110900e-001 -6.2125000e-001 -3.2140600e-001 -3.8483100e-001  7.1226100e-001  5.8701800e-001  1.8316200e-001  8.5405600e-001  3.3625000e-002  5.1909400e-001  6.8862900e-001
  3.4999200e-001  7.0110900e-001 -6.2125000e-001 -3.2140600e-001 -3.8483100e-001  7.1226100e-001  5.8701800e-001  1.8316200e-001  8.5405600e-001  3.3625000e-002  5.1909400e-001  6.8862900e-001
  3.4999100e-001  7.0110900e-001 -6.2125100e-001 -3.2140600e-001 -3.8483200e-001  7.1226100e-001  5.8701700e-001  1.8316200e-001  8.5405500e-001  3.3627000e-002  5.1909400e-001  6.8862900e-001
  3.4999200e-001  7.0110900e-001 -6.2125000e-001 -3.2140600e-001 -3.8483100e-001  7.1226100e-001  5.8701800e-001  1.8316200e-001  8.5405600e-001  3.3625000e-002  5.1909400e-001  6.8862900e-001
  3.4999200e-001  7.0110900e-001 -6.2125000e-001 -3.2140600e-001 -3.8483100e-001  7.1226100e-001  5.8701800e-001  1.8316200e-001  8.5405600e-001  3.3625000e-002  5.1909400e-001  6.8862900e-001
  3.4999100e-001  7.0110900e-001 -6.2125100e-001 -3.2140600e-001 -3.8483200e-001  7.1226100e-001  5.8701700e-001  1.8316200e-001  8.5405500e-001  3.3627000e-002  5.1909400e-001  6.8862900e-001
  3.4999200e-001  7.0110900e-001 -6.2125000e-001 -3.2140600e-001 -3.8483100e-001  7.1226100e-001  5.8701800e-001  1.8316200e-001  8.5405600e-001  3.3625000e-002  5.1909400e-001  6.8862900e-001
  3.4999100e-001  7.0110900e-001 -6.2125100e-001 -3.2140600e-001 -3.8483200e-001  7.1226100e-001  5.8701700e-001  1.8316200e-001  8.5405500e-001  3.3627000e-002  5.1909400e-001  6.8862900e-001
  3.4999200e-001  7.0110900e-001 -6.2125000e-001 -3.2140600e-001 -3.8483100e-001  7.1226100e-001  5.8701800e-001  1.8316200e-001  8.5405600e-001  3.3625000e-002  5.1909400e-001  6.8862900e-001
  3.4999200e-001  7.0110900e-001 -6.2125000e-001 -3.2140600e-001 -3.8483100e-001  7.1226100e-001  5.8701800e-001  1.8316200e-001  8.5405600e-001  3.3625000e-002  5.1909400e-001  6.8862900e-001
  3.4999100e-001  7.0110900e-001 -6.2125100e-001 -3.2140600e-001 -3.8483200e-001  7.1226100e-001  5.8701700e-001  1.8316200e-001  8.5405500e-001  3.3627000e-002  5.1909400e-001  6.8862900e-001
  3.4999100e-001  7.0110900e-001 -6.2125100e-001 -3.2140600e-001 -3.8483200e-001  7.1226100e-001  5.8701700e-001  1.8316200e-001  8.5405500e-001  3.3627000e-002  5.1909400e-001  6.8862900e-001
  3.4999100e-001  7.0110900e-001 -6.2125100e-001 -3.2140600e-001 -3.8483200e-001  7.1226100e-001  5.8701700e-001  1.8316200e-001  8.5405500e-001  3.3627000e-002  5.1909400e-001  6.8862900e-001
  3.4999100e-001  7.0110900e-001 -6.2125100e-001 -3.2140600e-001 -3.8483200e-001  7.1226100e-001  5.8701700e-001  1.8316200e-001  8.5405500e-001  3.3627000e-002  5.1909400e-001  6.8862900e-001
  3.4999200e-001  7.0110900e-001 -6.2125000e-001 -3.2140600e-001 -3.8483100e-001  7.1226100e-001  5.8701800e-001  1.8316200e-001  8.5405600e-001  3.3625000e-002  5.1909400e-001  6.8862900e-001
  3.4999200e-001  7.0110900e-001 -6.2125000e-001 -3.2140600e-001 -3.8483100e-001  7.1226100e-001  5.8701800e-001  1.8316200e-001  8.5405600e-001  3.3625000e-002  5.1909400e-001  6.8862900e-001
  3.4999100e-001  7.0110900e-001 -6.2125100e-001 -3.2140600e-001 -3.8483200e-001  7.1226100e-001  5.8701700e-001  1.8316200e-001  8.5405500e-001  3.3627000e-002  5.1909400e-001  6.8862900e-001
  3.4999200e-001  7.0110900e-001 -6.2125000e-001 -3.2140600e-001 -3.8483100e-001  7.1226100e-001  5.8701800e-001  1.8316200e-001  8.5405600e-001  3.3625000e-002  5.1909400e-001  6.8862900e-001
  3.4999100e-001  7.0110900e-001 -6.2125100e-001 -3.2140600e-001 -3.8483200e-001  7.1226000e-001  5.8701700e-001  1.8316300e-001  8.5405500e-001  3.3627000e-002  5.1909400e-001  6.8862900e-001
  3.4999200e-001  7.0110900e-001 -6.2125000e-001 -3.2140600e-001 -3.8483100e-001  7.1226100e-001  5.8701800e-001  1.8316200e-001  8.5405600e-001  3.3625000e-002  5.1909400e-001  6.8862900e-001
  3.4999100e-001  7.0110900e-001 -6.2125100e-001 -3.2140600e-001 -3.8483200e-001  7.1226100e-001  5.8701700e-001  1.8316200e-001  8.5405500e-001  3.3627000e-002  5.1909400e-001  6.8862900e-001
  3.4999200e-001  7.0110900e-001 -6.2125000e-001 -3.2140600e-001 -3.8483100e-001  7.1226100e-001  5.8701800e-001  1.8316200e-001  8.5405600e-001  3.3625000e-002  5.1909400e-001  6.8862900e-001
  3.4999100e-001  7.0110900e-001 -6.2125100e-001 -3.2140600e-001 -3.8483200e-001  7.1226100e-001  5.8701700e-001  1.8316200e-001  8.5405500e-001  3.3627000e-002  5.1909400e-001  6.8862900e-001
  3.4999200e-001  7.0111000e-001 -6.2125000e-001 -3.2140600e-001 -3.8483100e-001  7.1226000e-001  5.8701800e-001  1.8316300e-001  8.5405600e-001  3.3625000e-002  5.1909400e-001  6.8862900e-001
  3.4999200e-001  7.0111000e-001 -6.2125000e-001 -3.2140600e-001 -3.8483100e-001  7.1226000e-001  5.8701800e-001  1.8316300e-001  8.5405600e-001  3.3625000e-002  5.1909400e-001  6.8862900e-001
  3.4999200e-001  7.0110900e-001 -6.2125000e-001 -3.2140600e-001 -3.8483100e-001  7.1226100e-001  5.8701800e-001  1.8316200e-001  8.5405600e-001  3.3625000e-002  5.1909400e-001  6.8862900e-001
  3.4999200e-001  7.0111000e-001 -6.2125000e-001 -3.2140600e-001 -3.8483100e-001  7.1226000e-001  5.8701800e-001  1.8316300e-001  8.5405600e-001  3.3625000e-002  5.1909400e-001  6.8862900e-001
  3.4999100e-001  7.0110900e-001 -6.2125100e-001 -3.2140600e-001 -3.8483200e-001  7.1226000e-001  5.8701700e-001  1.8316300e-001  8.5405500e-001  3.3627000e-002  5.1909400e-001  6.8862900e-001
  3.4999200e-001  7.0111000e-001 -6.2125000e-001 -3.2140600e-001 -3.8483100e-001  7.1226000e-001  5.8701800e-001  1.8316300e-001  8.5405600e-001  3.3625000e-002  5.1909400e-001  6.8862900e-001
  3.4999100e-001  7.0110900e-001 -6.2125100e-001 -3.2140600e-001 -3.8483200e-001  7.1226000e-001  5.8701700e-001  1.8316300e-001  8.5405500e-001  3.3627000e-002  5.1909400e-001  6.8862900e-001
  3.4999100e-001  7.0110900e-001 -6.2125100e-001 -3.2140600e-001 -3.8483200e-001  7.1226000e-001  5.8701700e-001  1.8316300e-001  8.5405500e-001  3.3627000e-002  5.1909400e-001  6.8862900e-001
  3.4999100e-001  7.0110900e-001 -6.2125100e-001 -3.2140600e-001 -3.8483200e-001  7.1226000e-001  5.8701700e-001  1.8316300e-001  8.5405500e-001  3.3627000e-002  5.1909400e-001  6.8862900e-001
  3.4999200e-001  7.0111000e-001 -6.2125000e-001 -3.2140600e-001 -3.8483100e-001  7.1226000e-001  5.8701800e-001  1.8316300e-001  8.5405600e-001  3.3625000e-002  5.1909400e-001  6.8862900e-001
  3.4999200e-001  7.0111000e-001 -6.2125000e-001 -3.2140600e-001 -3.8483100e-001  7.1226000e-001  5.8701800e-001  1.8316300e-001  8.5405600e-001  3.3625000e-002  5.1909400e-001  6.8862900e-001
  3.4999200e-001  7.0111000e-001 -6.2125000e-001 -3.2140600e-001 -3.8483100e-001  7.1226000e-001  5.8701800e-001  1.8316300e-001  8.5405600e-001  3.3625000e-002  5.1909400e-001  6.8862900e-001
  3.4999100e-001  7.0110900e-001 -6.2125100e-001 -3.2140600e-001 -3.8483200e-001  7.1226000e-001  5.8701700e-001  1.8316300e-001  8.5405500e-001  3.3627000e-002  5.1909400e-001  6.8862900e-001
  3.4999200e-001  7.0111000e-001 -6.2125000e-001 -3.2140600e-001 -3.8483100e-001  7.1226000e-001  5.8701800e-001  1.8316300e-001  8.5405600e-001  3.3625000e-002  5.1909400e-001  6.8862900e-001
  3.4999100e-001  7.0110900e-001 -6.2125100e-001 -3.2140600e-001 -3.8483200e-001  7.1226000e-001  5.8701700e-001  1.8316300e-001  8.5405500e-001  3.3627000e-002  5.1909400e-001  6.8862900e-001
  3.4999100e-001  7.0110900e-001 -6.2125100e-001 -3.2140600e-001 -3.8483200e-001  7.1226000e-001  5.8701700e-001  1.8316300e-001  8.5405500e-001  3.3627000e-002  5.1909400e-001  6.8862900e-001
  3.4999200e-001  7.0111000e-001 -6.2125000e-001 -3.2140600e-001 -3.8483100e-001  7.1226000e-001  5.8701800e-001  1.8316300e-001  8.5405600e-001  3.3625000e-002  5.1909400e-001  6.8862900e-001
  3.4999200e-001  7.0111000e-001 -6.2125000e-001 -3.2140600e-001 -3.8483100e-001  7.1226000e-001  5.8701800e-001  1.8316300e-001  8.5405600e-001  3.3625000e-002  5.1909400e-001  6.8862900e-001
  3.4999200e-001  7.0111000e-001 -6.2125000e-001 -3.2140600e-001 -3.8483100e-001  7.1226000e-001  5.8701800e-001  1.8316300e-001  8.5405600e-001  3.3625000e-002  5.1909400e-001  6.8862900e-001
  3.4999100e-001  7.0110900e-001 -6.2125100e-001 -3.2140600e-001 -3.8483200e-001  7.1226000e-001  5.8701700e-001  1.8316300e-001  8.5405500e-001  3.3627000e-002  5.1909400e-001  6.8862900e-001
  3.4999200e-001  7.0111000e-001 -6.2125000e-001 -3.2140600e-001 -3.8483100e-001  7.1226000e-001  5.8701800e-001  1.8316300e-001  8.5405600e-001  3.3625000e-002  5.1909400e-001  6.8862900e-001
  3.4999200e-001  7.0111000e-001 -6.2125000e-001 -3.2140600e-001 -3.8483100e-001  7.1226000e-001  5.8701800e-001  1.8316300e-001  8.5405600e-001  3.3625000e-002  5.1909400e-001  6.8862900e-001
  3.4999200e-001  7.0111000e-001 -6.2125000e-001 -3.2140600e-001 -3.8483100e-001  7.1226000e-001  5.8701800e-001  1.8316300e-001  8.5405600e-001  3.3625000e-002  5.1909400e-001  6.8862900e-001
  3.4999100e-001  7.0110900e-001 -6.2125100e-001 -3.2140600e-001 -3.8483200e-001  7.1226000e-001  5.8701700e-001  1.8316300e-001  8.5405500e-001  3.3627000e-002  5.1909400e-001  6.8862900e-001
  3.4999200e-001  7.0111000e-001 -6.2125000e-001 -3.2140600e-001 -3.8483100e-001  7.1226000e-001  5.8701800e-001  1.8316300e-001  8.5405600e-001  3.3625000e-002  5.1909400e-001  6.8862900e-001
  3.4999200e-001  7.0111000e-001 -6.2125000e-001 -3.2140600e-001 -3.8483100e-001  7.1226000e-001  5.8701800e-001  1.8316300e-001  8.5405600e-001  3.3625000e-002  5.1909400e-001  6.8862900e-001
  3.4999100e-001  7.0110900e-001 -6.2125100e-001 -3.2140600e-001 -3.8483200e-001  7.1226000e-001  5.8701700e-001  1.8316300e-001  8.5405500e-001  3.3627000e-002  5.1909400e-001  6.8862900e-001
  3.4999200e-001  7.0111000e-001 -6.2125000e-001 -3.2140600e-001 -3.8483100e-001  7.1226000e-001  5.8701800e-001  1.8316300e-001  8.5405600e-001  3.3625000e-002  5.1909400e-001  6.8862900e-001
  3.4999100e-001  7.0110900e-001 -6.2125100e-001 -3.2140600e-001 -3.8483200e-001  7.1226000e-001  5.8701700e-001  1.8316300e-001  8.5405500e-001  3.3627000e-002  5.1909400e-001  6.8862900e-001
  3.4999200e-001  7.0111000e-001 -6.2125000e-001 -3.2140600e-001 -3.8483100e-001  7.1226000e-001  5.8701800e-001  1.8316300e-001  8.5405600e-001  3.3625000e-002  5.1909400e-001  6.8862900e-001
  3.4999200e-001  7.0111000e-001 -6.2125000e-001 -3.2140600e-001 -3.8483100e-001  7.1226000e-001  5.8701800e-001  1.8316300e-001  8.5405600e-001  3.3625000e-002  5.1909400e-001  6.8862900e-001
  3.4999200e-001  7.0111000e-001 -6.2125000e-001 -3.2140600e-001 -3.8483100e-001  7.1226000e-001  5.8701800e-001  1.8316300e-001  8.5405600e-001  3.3625000e-002  5.1909400e-001  6.8862900e-001
  3.4999100e-001  7.0110900e-001 -6.2125100e-001 -3.2140600e-001 -3.8483200e-001  7.1226000e-001  5.8701700e-001  1.8316300e-001  8.5405500e-001  3.3627000e-002  5.1909400e-001  6.8862900e-001
  3.4999000e-001  7.0111100e-001 -6.2124900e-001 -3.2140500e-001 -3.8483100e-001  7.1225900e-001  5.8702000e-001  1.8316300e-001  8.5405600e-001  3.3625000e-002  5.1909300e-001  6.8862800e-001
  3.4999000e-001  7.0111100e-001 -6.2124900e-001 -3.2140500e-001 -3.8483100e-001  7.1225900e-001  5.8702000e-001  1.8316300e-001  8.5405600e-001  3.3625000e-002  5.1909300e-001  6.8862800e-001
  3.4999000e-001  7.0111100e-001 -6.2124900e-001 -3.2140500e-001 -3.8483100e-001  7.1225900e-001  5.8702000e-001  1.8316300e-001  8.5405600e-001  3.3625000e-002  5.1909300e-001  6.8862800e-001
  3.4999000e-001  7.0111200e-001 -6.2124900e-001 -3.2140500e-001 -3.8483100e-001  7.1225800e-001  5.8702000e-001  1.8316400e-001  8.5405600e-001  3.3625000e-002  5.1909300e-001  6.8862800e-001
  3.4998900e-001  7.0111200e-001 -6.2124800e-001 -3.2140500e-001 -3.8483100e-001  7.1225800e-001  5.8702200e-001  1.8316400e-001  8.5405700e-001  3.3624000e-002  5.1909200e-001  6.8862800e-001
  3.4998300e-001  7.0112300e-001 -6.2124000e-001 -3.2140200e-001 -3.8483500e-001  7.1224800e-001  5.8703100e-001  1.8316900e-001  8.5405700e-001  3.3624000e-002  5.1909100e-001  6.8862700e-001
  3.4996200e-001  7.0115800e-001 -6.2121200e-001 -3.2139300e-001 -3.8484800e-001  7.1221300e-001  5.8706400e-001  1.8318500e-001  8.5406000e-001  3.3622000e-002  5.1908600e-001  6.8862600e-001
  3.4993900e-001  7.0120100e-001 -6.2117700e-001 -3.2138200e-001 -3.8486900e-001  7.1217100e-001  5.8710200e-001  1.8320500e-001  8.5406000e-001  3.3622000e-002  5.1908700e-001  6.8862500e-001
  3.4993300e-001  7.0121500e-001 -6.2116300e-001 -3.2137800e-001 -3.8487800e-001  7.1215600e-001  5.8711300e-001  1.8321100e-001  8.5405800e-001  3.3622000e-002  5.1908900e-001  6.8862600e-001
  3.4993400e-001  7.0121500e-001 -6.2116300e-001 -3.2137800e-001 -3.8487900e-001  7.1215700e-001  5.8711300e-001  1.8321100e-001  8.5405800e-001  3.3622000e-002  5.1909000e-001  6.8862600e-001
  3.4993400e-001  7.0121400e-001 -6.2116400e-001 -3.2137900e-001 -3.8487800e-001  7.1215700e-001  5.8711200e-001  1.8321000e-001  8.5405800e-001  3.3622000e-002  5.1909000e-001  6.8862600e-001
  3.4993400e-001  7.0121300e-001 -6.2116500e-001 -3.2137900e-001 -3.8487800e-001  7.1215800e-001  5.8711100e-001  1.8321000e-001  8.5405800e-001  3.3622000e-002  5.1909000e-001  6.8862600e-001
  3.4993400e-001  7.0121300e-001 -6.2116500e-001 -3.2137900e-001 -3.8487800e-001  7.1215800e-001  5.8711100e-001  1.8321000e-001  8.5405800e-001  3.3622000e-002  5.1909000e-001  6.8862600e-001
  3.4993200e-001  7.0121200e-001 -6.2116800e-001 -3.2137900e-001 -3.8487700e-001  7.1216000e-001  5.8711000e-001  1.8321000e-001  8.5406000e-001  3.3625000e-002  5.1908700e-001  6.8862600e-001
  3.4993200e-001  7.0120200e-001 -6.2117900e-001 -3.2138300e-001 -3.8487100e-001  7.1216900e-001  5.8710300e-001  1.8320500e-001  8.5406200e-001  3.3628000e-002  5.1908300e-001  6.8862500e-001
  3.4993200e-001  7.0119200e-001 -6.2119000e-001 -3.2138700e-001 -3.8486500e-001  7.1217900e-001  5.8709500e-001  1.8320000e-001  8.5406500e-001  3.3631000e-002  5.1907900e-001  6.8862300e-001
  3.4992900e-001  7.0116800e-001 -6.2121900e-001 -3.2139700e-001 -3.8485100e-001  7.1220200e-001  5.8707600e-001  1.8318900e-001  8.5407200e-001  3.3642000e-002  5.1906500e-001  6.8861800e-001
  3.4993900e-001  7.0104700e-001 -6.2135000e-001 -3.2144500e-001 -3.8478600e-001  7.1231900e-001  5.8697600e-001  1.8313400e-001  8.5409700e-001  3.3681000e-002  5.1902100e-001  6.8859900e-001
  3.4996000e-001  7.0083400e-001 -6.2157800e-001 -3.2153400e-001 -3.8464800e-001  7.1252700e-001  5.8681500e-001  1.8305100e-001  8.5415100e-001  3.3727000e-002  5.1893000e-001  6.8855900e-001
  3.5001100e-001  7.0051000e-001 -6.2191500e-001 -3.2166700e-001 -3.8446900e-001  7.1284200e-001  5.8654900e-001  1.8291500e-001  8.5421100e-001  3.3809000e-002  5.1882700e-001  6.8851000e-001
  3.5006400e-001  7.0006800e-001 -6.2238200e-001 -3.2185100e-001 -3.8419800e-001  7.1327000e-001  5.8620600e-001  1.8274100e-001  8.5431100e-001  3.3908000e-002  5.1865500e-001  6.8843600e-001
  3.5009000e-001  6.9944600e-001 -6.2306700e-001 -3.2211100e-001 -3.8377900e-001  7.1387400e-001  5.8574600e-001  1.8249700e-001  8.5448900e-001  3.4056000e-002  5.1835200e-001  6.8832900e-001
  3.4999200e-001  6.9859000e-001 -6.2408100e-001 -3.2246800e-001 -3.8308500e-001  7.1470100e-001  5.8519100e-001  1.8217800e-001  8.5484000e-001  3.4265000e-002  5.1775900e-001  6.8816800e-001
  3.4948500e-001  6.9748600e-001 -6.2559800e-001 -3.2292600e-001 -3.8188100e-001  7.1576400e-001  5.8467800e-001  1.8180100e-001  8.5558600e-001  3.4568000e-002  5.1650600e-001  6.8793100e-001
  3.4893600e-001  6.9626800e-001 -6.2726000e-001 -3.2342800e-001 -3.8057400e-001  7.1693300e-001  5.8409800e-001  1.8137900e-001  8.5639200e-001  3.4906000e-002  5.1514500e-001  6.8766300e-001
  3.4866700e-001  6.9492000e-001 -6.2890200e-001 -3.2398900e-001 -3.7936300e-001  7.1822500e-001  5.8329800e-001  1.8090700e-001  8.5703900e-001  3.5206000e-002  5.1404800e-001  6.8737600e-001
  3.4859100e-001  6.9345100e-001 -6.3056300e-001 -3.2460100e-001 -3.7820900e-001  7.1962900e-001  5.8231600e-001  1.8038200e-001  8.5757900e-001  3.5495000e-002  5.1312600e-001  6.8708000e-001
  3.4875700e-001  6.9192400e-001 -6.3214700e-001 -3.2523600e-001 -3.7722100e-001  7.2108300e-001  5.8115700e-001  1.7981000e-001  8.5794700e-001  3.5776000e-002  5.1249100e-001  6.8680400e-001
  3.4898300e-001  6.9024900e-001 -6.3385100e-001 -3.2592400e-001 -3.7620200e-001  7.2267100e-001  5.7984300e-001  1.7916400e-001  8.5830200e-001  3.6101000e-002  5.1187300e-001  6.8651700e-001
  3.4921500e-001  6.8844400e-001 -6.3568400e-001 -3.2666600e-001 -3.7507400e-001  7.2437400e-001  5.7844700e-001  1.7848200e-001  8.5870200e-001  3.6426000e-002  5.1118000e-001  6.8619800e-001
  3.4946100e-001  6.8653200e-001 -6.3761300e-001 -3.2744500e-001 -3.7389000e-001  7.2616900e-001  5.7696200e-001  1.7775600e-001  8.5911800e-001  3.6771000e-002  5.1045500e-001  6.8586400e-001
  3.4973700e-001  6.8451700e-001 -6.3962500e-001 -3.2825300e-001 -3.7272800e-001  7.2804800e-001  5.7534400e-001  1.7695300e-001  8.5951000e-001  3.7187000e-002  5.0976400e-001  6.8553800e-001
  3.5000400e-001  6.8251500e-001 -6.4161600e-001 -3.2905300e-001 -3.7156000e-001  7.2990500e-001  5.7374400e-001  1.7616100e-001  8.5990700e-001  3.7586000e-002  5.0906500e-001  6.8520900e-001
  3.5030200e-001  6.8046600e-001 -6.4362600e-001 -3.2985500e-001 -3.7047900e-001  7.3179100e-001  5.7203800e-001  1.7530200e-001  8.6025200e-001  3.8064000e-002  5.0844600e-001  6.8490800e-001
  3.5057800e-001  6.7843900e-001 -6.4561300e-001 -3.3064900e-001 -3.6935200e-001  7.3364700e-001  5.7038600e-001  1.7447800e-001  8.6062400e-001  3.8493000e-002  5.0778300e-001  6.8459200e-001
  3.5086700e-001  6.7634400e-001 -6.4765100e-001 -3.3146100e-001 -3.6822500e-001  7.3555500e-001  5.6865600e-001  1.7361200e-001  8.6099000e-001  3.8959000e-002  5.0712800e-001  6.8427700e-001
  3.5117400e-001  6.7410800e-001 -6.4981200e-001 -3.3232100e-001 -3.6703100e-001  7.3757800e-001  5.6680400e-001  1.7268300e-001  8.6137400e-001  3.9454000e-002  5.0643700e-001  6.8394300e-001
  3.5150100e-001  6.7178300e-001 -6.5203800e-001 -3.3320200e-001 -3.6585000e-001  7.3966700e-001  5.6484300e-001  1.7169100e-001  8.6174300e-001  4.0005000e-002  5.0576600e-001  6.8361300e-001
  3.5184300e-001  6.6935300e-001 -6.5434900e-001 -3.3411600e-001 -3.6462500e-001  7.4183500e-001  5.6278700e-001  1.7065300e-001  8.6212300e-001  4.0579000e-002  5.0507200e-001  6.8327200e-001
  3.5218500e-001  6.6689500e-001 -6.5667100e-001 -3.3503400e-001 -3.6338800e-001  7.4401400e-001  5.6070700e-001  1.6960300e-001  8.6250500e-001  4.1154000e-002  5.0437200e-001  6.8292700e-001
  3.5251000e-001  6.6444100e-001 -6.5898000e-001 -3.3594700e-001 -3.6212500e-001  7.4617600e-001  5.5864700e-001  1.6856700e-001  8.6290400e-001  4.1704000e-002  5.0364500e-001  6.8257500e-001
  3.5281700e-001  6.6189600e-001 -6.6137200e-001 -3.3689000e-001 -3.6076400e-001  7.4840400e-001  5.5654300e-001  1.6751400e-001  8.6334800e-001  4.2242000e-002  5.0283800e-001  6.8219300e-001
  3.5311600e-001  6.5920300e-001 -6.6389800e-001 -3.3787900e-001 -3.5931000e-001  7.5074600e-001  5.5432600e-001  1.6640100e-001  8.6383200e-001  4.2804000e-002  5.0195800e-001  6.8177800e-001
  3.5337400e-001  6.5638400e-001 -6.6654800e-001 -3.3890500e-001 -3.5776300e-001  7.5317800e-001  5.5202300e-001  1.6523700e-001  8.6436800e-001  4.3396000e-002  5.0098300e-001  6.8132700e-001
  3.5355900e-001  6.5342600e-001 -6.6935000e-001 -3.3997500e-001 -3.5605100e-001  7.5571100e-001  5.4966200e-001  1.6404000e-001  8.6499900e-001  4.3984000e-002  4.9984200e-001  6.8082000e-001
  3.5366600e-001  6.5046000e-001 -6.7217800e-001 -3.4104700e-001 -3.5421300e-001  7.5823600e-001  5.4736800e-001  1.6288400e-001  8.6571000e-001  4.4509000e-002  4.9856300e-001  6.8027600e-001
  3.5368000e-001  6.4742700e-001 -6.7509100e-001 -3.4213800e-001 -3.5224000e-001  7.6079700e-001  5.4508300e-001  1.6172900e-001  8.6650900e-001  4.5009000e-002  4.9712900e-001  6.7970000e-001
  3.5340700e-001  6.4422300e-001 -6.7829200e-001 -3.4328500e-001 -3.4990100e-001  7.6348300e-001  5.4282800e-001  1.6056100e-001  8.6756700e-001  4.5496000e-002  4.9523400e-001  6.7905000e-001
  3.5291600e-001  6.4092600e-001 -6.8166300e-001 -3.4445100e-001 -3.4739300e-001  7.6622200e-001  5.4057600e-001  1.5936400e-001  8.6877400e-001  4.6027000e-002  4.9306600e-001  6.7839000e-001
  3.5268700e-001  6.3763300e-001 -6.8486200e-001 -3.4560900e-001 -3.4506500e-001  7.6893500e-001  5.3820900e-001  1.5815800e-001  8.6979500e-001  4.6503000e-002  4.9121800e-001  6.7772000e-001
  3.5230500e-001  6.3433200e-001 -6.8811600e-001 -3.4677100e-001 -3.4251600e-001  7.7163800e-001  5.3596300e-001  1.5702100e-001  8.7095600e-001  4.6869000e-002  4.8912100e-001  6.7697900e-001
  3.5187100e-001  6.3096200e-001 -6.9142900e-001 -3.4794900e-001 -3.3986700e-001  7.7437600e-001  5.3369600e-001  1.5587800e-001  8.7216800e-001  4.7202000e-002  4.8692400e-001  6.7622100e-001
  3.5134800e-001  6.2747200e-001 -6.9486200e-001 -3.4916000e-001 -3.3705800e-001  7.7718800e-001  5.3138500e-001  1.5471600e-001  8.7346800e-001  4.7508000e-002  4.8455800e-001  6.7542000e-001
  3.5058800e-001  6.2381500e-001 -6.9852900e-001 -3.5041000e-001 -3.3403400e-001  7.8010500e-001  5.2901600e-001  1.5349300e-001  8.7493400e-001  4.7866000e-002  4.8187000e-001  6.7457900e-001
  3.4987100e-001  6.2028600e-001 -7.0202200e-001 -3.5162000e-001 -3.3099800e-001  7.8290200e-001  5.2678800e-001  1.5238300e-001  8.7637400e-001  4.8060000e-002  4.7922800e-001  6.7370800e-001
  3.4891900e-001  6.1665600e-001 -7.0568500e-001 -3.5284400e-001 -3.2782300e-001  7.8574900e-001  5.2453000e-001  1.5122300e-001  8.7794500e-001  4.8321000e-002  4.7631700e-001  6.7283600e-001
  3.4743500e-001  6.1288200e-001 -7.0969400e-001 -3.5412100e-001 -3.2407600e-001  7.8868600e-001  5.2244500e-001  1.5012700e-001  8.7992300e-001  4.8479000e-002  4.7263700e-001  6.7187500e-001
  3.4580900e-001  6.0895100e-001 -7.1385900e-001 -3.5542900e-001 -3.2023000e-001  7.9171100e-001  5.2023600e-001  1.4895400e-001  8.8196900e-001  4.8697000e-002  4.6878500e-001  6.7091500e-001
  3.4384700e-001  6.0502900e-001 -7.1812900e-001 -3.5673000e-001 -3.1616000e-001  7.9470200e-001  5.1816200e-001  1.4783200e-001  8.8420200e-001  4.8875000e-002  4.6454200e-001  6.6995000e-001
  3.4171000e-001  6.0119000e-001 -7.2236100e-001 -3.5800100e-001 -3.1197400e-001  7.9760500e-001  5.1623500e-001  1.4679800e-001  8.8651400e-001  4.8955000e-002  4.6010500e-001  6.6898800e-001
  3.3962600e-001  5.9730200e-001 -7.2655700e-001 -3.5927700e-001 -3.0777800e-001  8.0052000e-001  5.1423700e-001  1.4575700e-001  8.8877800e-001  4.8970000e-002  4.5571400e-001  6.6800500e-001
  3.3765900e-001  5.9335500e-001 -7.3069600e-001 -3.6055900e-001 -3.0362100e-001  8.0345300e-001  5.1213100e-001  1.4469600e-001  8.9095500e-001  4.8929000e-002  4.5144900e-001  6.6700400e-001
  3.3559300e-001  5.8939200e-001 -7.3484300e-001 -3.6184300e-001 -2.9934900e-001  8.0637200e-001  5.1005400e-001  1.4366900e-001  8.9317800e-001  4.8804000e-002  4.4704700e-001  6.6598800e-001
  3.3334000e-001  5.8545500e-001 -7.3900400e-001 -3.6311300e-001 -2.9493600e-001  8.0924700e-001  5.0806700e-001  1.4269700e-001  8.9548700e-001  4.8600000e-002  4.4242600e-001  6.6495200e-001
  3.3084200e-001  5.8148900e-001 -7.4324600e-001 -3.6438600e-001 -2.9032800e-001  8.1211700e-001  5.0613700e-001  1.4175900e-001  8.9791600e-001  4.8334000e-002  4.3750500e-001  6.6390300e-001
  3.2809300e-001  5.7750000e-001 -7.4756200e-001 -3.6565300e-001 -2.8557500e-001  8.1497600e-001  5.0424300e-001  1.4083400e-001  9.0044500e-001  4.8047000e-002  4.3230700e-001  6.6283900e-001
  3.2522400e-001  5.7355900e-001 -7.5183700e-001 -3.6689900e-001 -2.8075800e-001  8.1777500e-001  5.0241300e-001  1.3995800e-001  9.0299700e-001  4.7687000e-002  4.2699200e-001  6.6176200e-001
  3.2243600e-001  5.6978000e-001 -7.5590100e-001 -3.6809400e-001 -2.7602100e-001  8.2044100e-001  5.0068900e-001  1.3917100e-001  9.0545400e-001  4.7204000e-002  4.2181100e-001  6.6066900e-001
  3.1956600e-001  5.6603800e-001 -7.5992000e-001 -3.6927300e-001 -2.7121000e-001  8.2306000e-001  4.9901700e-001  1.3843600e-001  9.0792200e-001  4.6629000e-002  4.1653700e-001  6.5955700e-001
  3.1630600e-001  5.6217200e-001 -7.6414200e-001 -3.7048200e-001 -2.6606000e-001  8.2574100e-001  4.9735700e-001  1.3771000e-001  9.1058300e-001  4.5991000e-002  4.1075900e-001  6.5838400e-001
  3.1270400e-001  5.5823300e-001 -7.6850000e-001 -3.7170400e-001 -2.6067100e-001  8.2844600e-001  4.9571000e-001  1.3699400e-001  9.1338200e-001  4.5315000e-002  4.0457400e-001  6.5719200e-001
  3.0888200e-001  5.5437500e-001 -7.7282600e-001 -3.7290700e-001 -2.5509000e-001  8.3107700e-001  4.9420700e-001  1.3638300e-001  9.1625400e-001  4.4488000e-002  3.9812100e-001  6.5596600e-001
  3.0505000e-001  5.5059300e-001 -7.7704000e-001 -3.7408200e-001 -2.4951300e-001  8.3363600e-001  4.9274200e-001  1.3582300e-001  9.1906900e-001  4.3571000e-002  3.9168100e-001  6.5472400e-001
  3.0098200e-001  5.4683200e-001 -7.8127100e-001 -3.7525000e-001 -2.4372600e-001  8.3616200e-001  4.9135700e-001  1.3533200e-001  9.2195900e-001  4.2526000e-002  3.8494700e-001  6.5341700e-001
  2.9643400e-001  5.4293100e-001 -7.8571800e-001 -3.7645300e-001 -2.3752200e-001  8.3875700e-001  4.8996900e-001  1.3486400e-001  9.2504600e-001  4.1382000e-002  3.7759400e-001  6.5203700e-001
  2.9165600e-001  5.3893500e-001 -7.9024400e-001 -3.7767800e-001 -2.3109300e-001  8.4139000e-001  4.8852700e-001  1.3440400e-001  9.2818800e-001  4.0138000e-002  3.6994000e-001  6.5062800e-001
  2.8687500e-001  5.3496200e-001 -7.9468100e-001 -3.7889200e-001 -2.2460400e-001  8.4398700e-001  4.8707200e-001  1.3398800e-001  9.3126600e-001  3.8759000e-002  3.6227300e-001  6.4916000e-001
  2.8195200e-001  5.3110000e-001 -7.9902200e-001 -3.8008600e-001 -2.1788400e-001  8.4649500e-001  4.8577000e-001  1.3371300e-001  9.3436100e-001  3.7130000e-002  3.5438900e-001  6.4761900e-001
  2.7696500e-001  5.2727200e-001 -8.0329000e-001 -3.8127400e-001 -2.1103500e-001  8.4896100e-001  4.8448800e-001  1.3350800e-001  9.3741900e-001  3.5336000e-002  3.4640600e-001  6.4607500e-001
  2.7212000e-001  5.2341200e-001 -8.0745900e-001 -3.8247200e-001 -2.0413200e-001  8.5142600e-001  4.8311800e-001  1.3332800e-001  9.4036200e-001  3.3362000e-002  3.3853600e-001  6.4450200e-001
  2.6755200e-001  5.1949300e-001 -8.1150700e-001 -3.8368400e-001 -1.9721800e-001  8.5390600e-001  4.8161200e-001  1.3315800e-001  9.4314400e-001  3.1188000e-002  3.3091700e-001  6.4286800e-001
  2.6319800e-001  5.1563300e-001 -8.1538300e-001 -3.8487900e-001 -1.9033100e-001  8.5632400e-001  4.8008700e-001  1.3303700e-001  9.4578100e-001  2.8835000e-002  3.2352400e-001  6.4118700e-001
  2.5892700e-001  5.1187300e-001 -8.1911100e-001 -3.8605900e-001 -1.8329100e-001  8.5866100e-001  4.7864900e-001  1.3303800e-001  9.4834600e-001  2.6201000e-002  3.1615300e-001  6.3944600e-001
  2.5480700e-001  5.0814100e-001 -8.2271900e-001 -3.8723300e-001 -1.7619400e-001  8.6095700e-001  4.7718800e-001  1.3308900e-001  9.5080500e-001  2.3367000e-002  3.0890900e-001  6.3765700e-001
  2.5103000e-001  5.0445700e-001 -8.2614000e-001 -3.8840000e-001 -1.6911500e-001  8.6319800e-001  4.7569800e-001  1.3319500e-001  9.5309200e-001  2.0298000e-002  3.0200000e-001  6.3582400e-001
  2.4804100e-001  5.0085100e-001 -8.2923100e-001 -3.8953700e-001 -1.6244300e-001  8.6536400e-001  4.7408500e-001  1.3328000e-001  9.5503300e-001  1.7110000e-002  2.9600600e-001  6.3400100e-001
  2.4577600e-001  4.9742600e-001 -8.3196200e-001 -3.9064200e-001 -1.5595200e-001  8.6740000e-001  4.7254300e-001  1.3347200e-001  9.5669900e-001  1.3607000e-002  2.9076000e-001  6.3213900e-001
  2.4369600e-001  4.9401600e-001 -8.3460200e-001 -3.9174900e-001 -1.4933900e-001  8.6939700e-001  4.7100600e-001  1.3372000e-001  9.5828500e-001  9.8570000e-003  2.8564500e-001  6.3022000e-001
  2.4165100e-001  4.9061400e-001 -8.3720000e-001 -3.9286000e-001 -1.4262300e-001  8.7135700e-001  4.6946300e-001  1.3400300e-001  9.5982500e-001  5.9570000e-003  2.8053700e-001  6.2831100e-001
  2.3967200e-001  4.8723700e-001 -8.3973600e-001 -3.9397500e-001 -1.3580900e-001  8.7326800e-001  4.6793100e-001  1.3433400e-001  9.6130800e-001  1.8930000e-003  2.7546900e-001  6.2643500e-001
  2.3770500e-001  4.8381100e-001 -8.4227300e-001 -3.9511200e-001 -1.2880300e-001  8.7516900e-001  4.6635600e-001  1.3469500e-001  9.6275900e-001 -2.3680000e-003  2.7034900e-001  6.2454700e-001
  2.3583300e-001  4.8043000e-001 -8.4473100e-001 -3.9624100e-001 -1.2180200e-001  8.7700700e-001  4.6478200e-001  1.3508100e-001  9.6413000e-001 -6.7210000e-003  2.6534400e-001  6.2271100e-001
  2.3408200e-001  4.7718000e-001 -8.4705700e-001 -3.9735100e-001 -1.1481900e-001  8.7873400e-001  4.6329500e-001  1.3553600e-001  9.6541300e-001 -1.1191000e-002  2.6048500e-001  6.2094400e-001
  2.3236600e-001  4.7393700e-001 -8.4934700e-001 -3.9847800e-001 -1.0762400e-001  8.8041500e-001  4.6182900e-001  1.3606200e-001  9.6665500e-001 -1.5903000e-002  2.5558600e-001  6.1917300e-001
  2.3072500e-001  4.7061900e-001 -8.5163600e-001 -3.9962000e-001 -1.0041200e-001  8.8209400e-001  4.6024700e-001  1.3655100e-001  9.6782400e-001 -2.0676000e-002  2.5077700e-001  6.1743700e-001
  2.2916200e-001  4.6735200e-001 -8.5385400e-001 -4.0075400e-001 -9.3201000e-002  8.8370200e-001  4.5867600e-001  1.3706300e-001  9.6891600e-001 -2.5531000e-002  2.4606900e-001  6.1573800e-001
  2.2755500e-001  4.6424100e-001 -8.5597900e-001 -4.0185200e-001 -8.5945000e-002  8.8518400e-001  4.5723300e-001  1.3765200e-001  9.6996500e-001 -3.0479000e-002  2.4132700e-001  6.1402600e-001
  2.2595200e-001  4.6119100e-001 -8.5805000e-001 -4.0292900e-001 -7.8727000e-002  8.8659300e-001  4.5580100e-001  1.3824500e-001  9.7095200e-001 -3.5437000e-002  2.3663500e-001  6.1232900e-001
  2.2433900e-001  4.5833800e-001 -8.5999900e-001 -4.0396400e-001 -7.1517000e-002  8.8785700e-001  4.5452800e-001  1.3892400e-001  9.7188300e-001 -4.0464000e-002  2.3196000e-001  6.1063200e-001
  2.2271200e-001  4.5555500e-001 -8.6189900e-001 -4.0498000e-001 -6.4290000e-002  8.8904200e-001  4.5329000e-001  1.3963100e-001  9.7276200e-001 -4.5542000e-002  2.2728700e-001  6.0893200e-001
  2.2105400e-001  4.5268300e-001 -8.6383700e-001 -4.0600100e-001 -5.7152000e-002  8.9023900e-001  4.5189400e-001  1.4027600e-001  9.7358600e-001 -5.0522000e-002  2.2266300e-001  6.0724000e-001
  2.1938300e-001  4.4989800e-001 -8.6571500e-001 -4.0700400e-001 -4.9980000e-002  8.9134900e-001  4.5055400e-001  1.4096500e-001  9.7435800e-001 -5.5575000e-002  2.1803300e-001  6.0554100e-001
  2.1771800e-001  4.4723600e-001 -8.6751300e-001 -4.0797900e-001 -4.2814000e-002  8.9235600e-001  4.4929800e-001  1.4168100e-001  9.7507200e-001 -6.0679000e-002  2.1343000e-001  6.0384800e-001
  2.1599500e-001  4.4463400e-001 -8.6927900e-001 -4.0893800e-001 -3.5839000e-002  8.9330600e-001  4.4801800e-001  1.4238400e-001  9.7573700e-001 -6.5615000e-002  2.0888500e-001  6.0216900e-001
  2.1412400e-001  4.4224100e-001 -8.7096200e-001 -4.0987300e-001 -2.9053000e-002  8.9413100e-001  4.4686300e-001  1.4317500e-001  9.7637400e-001 -7.0380000e-002  2.0430300e-001  6.0047000e-001
  2.1219500e-001  4.3983100e-001 -8.7265200e-001 -4.1080700e-001 -2.2425000e-002  8.9494400e-001  4.4561400e-001  1.4391300e-001  9.7697000e-001 -7.4988000e-002  1.9976600e-001  5.9878100e-001
  2.1007700e-001  4.3752900e-001 -8.7432000e-001 -4.1173200e-001 -1.6225000e-002  8.9571300e-001  4.4433600e-001  1.4463100e-001  9.7755000e-001 -7.9159000e-002  1.9526700e-001  5.9710000e-001
  2.0768300e-001  4.3549100e-001 -8.7590800e-001 -4.1263200e-001 -1.0626000e-002  8.9638300e-001  4.4315200e-001  1.4539500e-001  9.7813800e-001 -8.2728000e-002  1.9079100e-001  5.9542200e-001
  2.0514200e-001  4.3355900e-001 -8.7746400e-001 -4.1351300e-001 -5.5160000e-003  8.9702900e-001  4.4193600e-001  1.4611900e-001  9.7871700e-001 -8.5819000e-002  1.8641000e-001  5.9377200e-001
  2.0206100e-001  4.3197200e-001 -8.7896000e-001 -4.1436900e-001 -1.6770000e-003  8.9762400e-001  4.4075900e-001  1.4685000e-001  9.7937100e-001 -8.7586000e-002  1.8209900e-001  5.9214300e-001
  1.9819900e-001  4.3097000e-001 -8.8033100e-001 -4.1518200e-001  3.5700000e-004  8.9811700e-001  4.3975700e-001  1.4765900e-001  9.8016200e-001 -8.7474000e-002  1.7785200e-001  5.9052400e-001
  1.9373700e-001  4.3027000e-001 -8.8166600e-001 -4.1597500e-001  8.0600000e-004  8.9862300e-001  4.3872200e-001  1.4841700e-001  9.8105300e-001 -8.5707000e-002  1.7375000e-001  5.8894800e-001
  1.8900000e-001  4.2975300e-001 -8.8294500e-001 -4.1674200e-001  5.3400000e-004  8.9910500e-001  4.3773200e-001  1.4918100e-001  9.8197700e-001 -8.3202000e-002  1.6970100e-001  5.8739400e-001
  1.8388800e-001  4.2943700e-001 -8.8417700e-001 -4.1749400e-001 -8.5000000e-004  8.9958600e-001  4.3674300e-001  1.4992600e-001  9.8294700e-001 -7.9560000e-002  1.6578800e-001  5.8586700e-001
  1.7881200e-001  4.2917100e-001 -8.8534600e-001 -4.1822000e-001 -2.6230000e-003  9.0005400e-001  4.3577100e-001  1.5063900e-001  9.8388000e-001 -7.5599000e-002  1.6206700e-001  5.8438600e-001
  1.7365300e-001  4.2897100e-001 -8.8647000e-001 -4.1892400e-001 -4.9900000e-003  9.0051700e-001  4.3479100e-001  1.5130900e-001  9.8479400e-001 -7.1079000e-002  1.5851800e-001  5.8295700e-001
  1.6863500e-001  4.2890400e-001 -8.8747000e-001 -4.1958900e-001 -7.6000000e-003  9.0090400e-001  4.3395200e-001  1.5201100e-001  9.8564900e-001 -6.6435000e-002  1.5518300e-001  5.8156500e-001
  1.6368400e-001  4.2877800e-001 -8.8845800e-001 -4.2024200e-001 -1.0361000e-002  9.0130200e-001  4.3306800e-001  1.5265600e-001  9.8645800e-001 -6.1681000e-002  1.5197100e-001  5.8020900e-001
  1.5929500e-001  4.2871600e-001 -8.8928500e-001 -4.2086300e-001 -1.3213000e-002  9.0163200e-001  4.3230200e-001  1.5328800e-001  9.8714300e-001 -5.7114000e-002  1.4929000e-001  5.7892300e-001
  1.5500600e-001  4.2859300e-001 -8.9010200e-001 -4.2146200e-001 -1.5804000e-002  9.0195200e-001  4.3154700e-001  1.5390000e-001  9.8778700e-001 -5.2825000e-002  1.4658100e-001  5.7768100e-001
  1.5051800e-001  4.2829300e-001 -8.9101600e-001 -4.2204600e-001 -1.7618000e-002  9.0230300e-001  4.3074200e-001  1.5450600e-001  9.8845000e-001 -4.9137000e-002  1.4335800e-001  5.7641400e-001
  1.4645900e-001  4.2783300e-001 -8.9191300e-001 -4.2261600e-001 -1.8842000e-002  9.0267800e-001  4.2990300e-001  1.5505700e-001  9.8903700e-001 -4.6158000e-002  1.4026600e-001  5.7518700e-001
  1.4283400e-001  4.2720800e-001 -8.9280000e-001 -4.2317400e-001 -1.9549000e-002  9.0309100e-001  4.2900500e-001  1.5552700e-001  9.8955400e-001 -4.3824000e-002  1.3734400e-001  5.7401900e-001
