 -1.2215000e-001  6.8316300e-001 -7.1997800e-001 -3.8093900e-001  2.6658900e-001  7.2133600e-001  6.3922200e-001  3.3422200e-001  9.5603900e-001 -1.1385700e-001 -2.7023500e-001  5.0887800e-001
 -1.2215000e-001  6.8316300e-001 -7.1997800e-001 -3.8093900e-001  2.6658900e-001  7.2133600e-001  6.3922200e-001  3.3422200e-001  9.5603900e-001 -1.1385700e-001 -2.7023500e-001  5.0887800e-001
 -1.2212600e-001  6.8314700e-001 -7.1999700e-001 -3.8094200e-001  2.6654200e-001  7.2135300e-001  6.3922300e-001  3.3421600e-001  9.5605500e-001 -1.1384400e-001 -2.7018300e-001  5.0888700e-001
 -1.2181900e-001  6.8309000e-001 -7.2010300e-001 -3.8095100e-001  2.6623700e-001  7.2140800e-001  6.3928800e-001  3.3420500e-001  9.5617900e-001 -1.1384100e-001 -2.6974400e-001  5.0893800e-001
 -1.2115100e-001  6.8299000e-001 -7.2031000e-001 -3.8097400e-001  2.6560900e-001  7.2150000e-001  6.3944500e-001  3.3420100e-001  9.5643800e-001 -1.1385100e-001 -2.6881900e-001  5.0901800e-001
 -1.2010300e-001  6.8282700e-001 -7.2064000e-001 -3.8100900e-001  2.6458800e-001  7.2165500e-001  6.3969300e-001  3.3419500e-001  9.5685300e-001 -1.1384400e-001 -2.6734100e-001  5.0915100e-001
 -1.1887900e-001  6.8262000e-001 -7.2104000e-001 -3.8105600e-001  2.6332700e-001  7.2186000e-001  6.3998200e-001  3.3419000e-001  9.5735400e-001 -1.1378900e-001 -2.6556600e-001  5.0929200e-001
 -1.1762300e-001  6.8236400e-001 -7.2148700e-001 -3.8111100e-001  2.6191000e-001  7.2212300e-001  6.4026700e-001  3.3417800e-001  9.5789800e-001 -1.1365500e-001 -2.6365600e-001  5.0944300e-001
 -1.1618700e-001  6.8206900e-001 -7.2199900e-001 -3.8116700e-001  2.6030000e-001  7.2242400e-001  6.4058300e-001  3.3417100e-001  9.5851200e-001 -1.1350900e-001 -2.6147900e-001  5.0959800e-001
 -1.1427700e-001  6.8182600e-001 -7.2253300e-001 -3.8122500e-001  2.5900100e-001  7.2259400e-001  6.4091800e-001  3.3416400e-001  9.5909300e-001 -1.1389500e-001 -2.5917000e-001  5.0975800e-001
 -1.1205300e-001  6.8172300e-001 -7.2297900e-001 -3.8126700e-001  2.5826900e-001  7.2253700e-001  6.4127800e-001  3.3417200e-001  9.5955300e-001 -1.1486600e-001 -2.5703000e-001  5.0991000e-001
 -1.0999000e-001  6.8166700e-001 -7.2334800e-001 -3.8129300e-001  2.5764800e-001  7.2244200e-001  6.4163500e-001  3.3418600e-001  9.5995800e-001 -1.1579600e-001 -2.5509100e-001  5.1003700e-001
 -1.0860800e-001  6.8164100e-001 -7.2358200e-001 -3.8130500e-001  2.5726000e-001  7.2236300e-001  6.4187900e-001  3.3419900e-001  9.6021900e-001 -1.1643500e-001 -2.5381400e-001  5.1012100e-001
 -1.0784300e-001  6.8161700e-001 -7.2371800e-001 -3.8130800e-001  2.5698300e-001  7.2233500e-001  6.4202200e-001  3.3420200e-001  9.6038000e-001 -1.1674500e-001 -2.5306300e-001  5.1015700e-001
 -1.0753900e-001  6.8161600e-001 -7.2376400e-001 -3.8130700e-001  2.5693600e-001  7.2230900e-001  6.4206900e-001  3.3420100e-001  9.6042700e-001 -1.1691300e-001 -2.5280800e-001  5.1016400e-001
 -1.0747800e-001  6.8163500e-001 -7.2375600e-001 -3.8130000e-001  2.5706400e-001  7.2227100e-001  6.4206200e-001  3.3419500e-001  9.6039900e-001 -1.1704400e-001 -2.5285200e-001  5.1014400e-001
 -1.0752100e-001  6.8164000e-001 -7.2374500e-001 -3.8129000e-001  2.5711200e-001  7.2226500e-001  6.4204900e-001  3.3418500e-001  9.6038100e-001 -1.1705000e-001 -2.5291700e-001  5.1011400e-001
 -1.0757300e-001  6.8164600e-001 -7.2373200e-001 -3.8127900e-001  2.5715800e-001  7.2226000e-001  6.4203600e-001  3.3417500e-001  9.6036300e-001 -1.1704700e-001 -2.5298600e-001  5.1008200e-001
 -1.0761700e-001  6.8165000e-001 -7.2372000e-001 -3.8127000e-001  2.5719900e-001  7.2225500e-001  6.4202500e-001  3.3416600e-001  9.6034800e-001 -1.1704700e-001 -2.5304700e-001  5.1005300e-001
 -1.0766300e-001  6.8165500e-001 -7.2370900e-001 -3.8126000e-001  2.5723800e-001  7.2225200e-001  6.4201300e-001  3.3415600e-001  9.6033200e-001 -1.1704400e-001 -2.5310800e-001  5.1002500e-001
 -1.0769800e-001  6.8166000e-001 -7.2370000e-001 -3.8125200e-001  2.5727000e-001  7.2224700e-001  6.4200500e-001  3.3415000e-001  9.6031900e-001 -1.1704400e-001 -2.5315500e-001  5.1000300e-001
 -1.0773100e-001  6.8166300e-001 -7.2369200e-001 -3.8124600e-001  2.5729900e-001  7.2224400e-001  6.4199700e-001  3.3414300e-001  9.6030800e-001 -1.1704200e-001 -2.5319900e-001  5.0998300e-001
 -1.0776000e-001  6.8166700e-001 -7.2368400e-001 -3.8123900e-001  2.5732700e-001  7.2224100e-001  6.4199000e-001  3.3413700e-001  9.6029700e-001 -1.1704200e-001 -2.5323900e-001  5.0996500e-001
 -1.0778600e-001  6.8166900e-001 -7.2367800e-001 -3.8123400e-001  2.5734900e-001  7.2223900e-001  6.4198300e-001  3.3413200e-001  9.6028800e-001 -1.1704100e-001 -2.5327500e-001  5.0994900e-001
 -1.0781500e-001  6.8167200e-001 -7.2367000e-001 -3.8122800e-001  2.5737400e-001  7.2223600e-001  6.4197600e-001  3.3412700e-001  9.6027800e-001 -1.1703900e-001 -2.5331300e-001  5.0993100e-001
 -1.0783900e-001  6.8167500e-001 -7.2366400e-001 -3.8122300e-001  2.5739700e-001  7.2223400e-001  6.4197000e-001  3.3412100e-001  9.6026900e-001 -1.1704000e-001 -2.5334600e-001  5.0991500e-001
 -1.0786800e-001  6.8167800e-001 -7.2365700e-001 -3.8121700e-001  2.5742300e-001  7.2223000e-001  6.4196300e-001  3.3411600e-001  9.6025900e-001 -1.1703800e-001 -2.5338500e-001  5.0989800e-001
 -1.0789200e-001  6.8168100e-001 -7.2365100e-001 -3.8121100e-001  2.5744600e-001  7.2222800e-001  6.4195700e-001  3.3411100e-001  9.6025000e-001 -1.1703900e-001 -2.5341900e-001  5.0988300e-001
 -1.0792000e-001  6.8168400e-001 -7.2364400e-001 -3.8120600e-001  2.5746800e-001  7.2222600e-001  6.4195000e-001  3.3410600e-001  9.6024100e-001 -1.1703600e-001 -2.5345400e-001  5.0986700e-001
 -1.0793700e-001  6.8168500e-001 -7.2364000e-001 -3.8120300e-001  2.5748400e-001  7.2222400e-001  6.4194500e-001  3.3410200e-001  9.6023500e-001 -1.1703600e-001 -2.5347800e-001  5.0985600e-001
 -1.0795000e-001  6.8168700e-001 -7.2363700e-001 -3.8119900e-001  2.5749600e-001  7.2222300e-001  6.4194200e-001  3.3409900e-001  9.6023100e-001 -1.1703600e-001 -2.5349600e-001  5.0984800e-001
 -1.0796300e-001  6.8168700e-001 -7.2363400e-001 -3.8119700e-001  2.5750700e-001  7.2222200e-001  6.4193900e-001  3.3409600e-001  9.6022600e-001 -1.1703500e-001 -2.5351200e-001  5.0984000e-001
 -1.0797200e-001  6.8168900e-001 -7.2363100e-001 -3.8119400e-001  2.5751700e-001  7.2222100e-001  6.4193600e-001  3.3409400e-001  9.6022300e-001 -1.1703600e-001 -2.5352600e-001  5.0983300e-001
 -1.0798000e-001  6.8169000e-001 -7.2362900e-001 -3.8119200e-001  2.5752400e-001  7.2222000e-001  6.4193500e-001  3.3409200e-001  9.6022000e-001 -1.1703600e-001 -2.5353600e-001  5.0982800e-001
 -1.0798500e-001  6.8169000e-001 -7.2362800e-001 -3.8119100e-001  2.5753000e-001  7.2222000e-001  6.4193200e-001  3.3409100e-001  9.6021700e-001 -1.1703700e-001 -2.5354500e-001  5.0982400e-001
 -1.0799600e-001  6.8169100e-001 -7.2362500e-001 -3.8118900e-001  2.5754000e-001  7.2221800e-001  6.4193000e-001  3.3408800e-001  9.6021400e-001 -1.1703600e-001 -2.5355900e-001  5.0981700e-001
 -1.0800700e-001  6.8169200e-001 -7.2362300e-001 -3.8118700e-001  2.5754700e-001  7.2221800e-001  6.4192700e-001  3.3408700e-001  9.6021000e-001 -1.1703400e-001 -2.5357300e-001  5.0981100e-001
 -1.0801800e-001  6.8169300e-001 -7.2362100e-001 -3.8118500e-001  2.5755800e-001  7.2221700e-001  6.4192400e-001  3.3408400e-001  9.6020600e-001 -1.1703500e-001 -2.5358800e-001  5.0980400e-001
 -1.0802600e-001  6.8169400e-001 -7.2361900e-001 -3.8118300e-001  2.5756500e-001  7.2221600e-001  6.4192200e-001  3.3408200e-001  9.6020400e-001 -1.1703500e-001 -2.5359800e-001  5.0979900e-001
 -1.0803400e-001  6.8169600e-001 -7.2361600e-001 -3.8118000e-001  2.5757200e-001  7.2221500e-001  6.4192100e-001  3.3408100e-001  9.6020100e-001 -1.1703400e-001 -2.5360900e-001  5.0979400e-001
 -1.0804200e-001  6.8169500e-001 -7.2361500e-001 -3.8117900e-001  2.5757900e-001  7.2221600e-001  6.4191700e-001  3.3407900e-001  9.6019800e-001 -1.1703400e-001 -2.5362000e-001  5.0978900e-001
 -1.0804800e-001  6.8169700e-001 -7.2361300e-001 -3.8117700e-001  2.5758600e-001  7.2221400e-001  6.4191700e-001  3.3407800e-001  9.6019500e-001 -1.1703500e-001 -2.5362900e-001  5.0978400e-001
 -1.0805600e-001  6.8169800e-001 -7.2361000e-001 -3.8117600e-001  2.5759300e-001  7.2221300e-001  6.4191500e-001  3.3407600e-001  9.6019300e-001 -1.1703400e-001 -2.5364000e-001  5.0977800e-001
 -1.0806200e-001  6.8169900e-001 -7.2360900e-001 -3.8117400e-001  2.5759800e-001  7.2221200e-001  6.4191400e-001  3.3407400e-001  9.6019000e-001 -1.1703400e-001 -2.5364800e-001  5.0977400e-001
 -1.0807000e-001  6.8169900e-001 -7.2360700e-001 -3.8117200e-001  2.5760300e-001  7.2221200e-001  6.4191200e-001  3.3407300e-001  9.6018800e-001 -1.1703200e-001 -2.5365700e-001  5.0977000e-001
 -1.0807700e-001  6.8169900e-001 -7.2360600e-001 -3.8117100e-001  2.5760900e-001  7.2221200e-001  6.4190900e-001  3.3407100e-001  9.6018600e-001 -1.1703200e-001 -2.5366600e-001  5.0976500e-001
 -1.0808300e-001  6.8170000e-001 -7.2360400e-001 -3.8116900e-001  2.5761600e-001  7.2221100e-001  6.4190800e-001  3.3407000e-001  9.6018300e-001 -1.1703300e-001 -2.5367500e-001  5.0976100e-001
 -1.0809000e-001  6.8170100e-001 -7.2360200e-001 -3.8116800e-001  2.5762200e-001  7.2221000e-001  6.4190600e-001  3.3406800e-001  9.6018100e-001 -1.1703300e-001 -2.5368500e-001  5.0975600e-001
 -1.0809600e-001  6.8170200e-001 -7.2360100e-001 -3.8116600e-001  2.5762800e-001  7.2220900e-001  6.4190500e-001  3.3406700e-001  9.6017900e-001 -1.1703200e-001 -2.5369300e-001  5.0975200e-001
 -1.0810100e-001  6.8170200e-001 -7.2359900e-001 -3.8116400e-001  2.5763200e-001  7.2220900e-001  6.4190400e-001  3.3406600e-001  9.6017700e-001 -1.1703200e-001 -2.5370000e-001  5.0974800e-001
 -1.0811000e-001  6.8170300e-001 -7.2359800e-001 -3.8116300e-001  2.5764200e-001  7.2220800e-001  6.4190100e-001  3.3406300e-001  9.6017300e-001 -1.1703300e-001 -2.5371300e-001  5.0974100e-001
 -1.0812000e-001  6.8170400e-001 -7.2359500e-001 -3.8116000e-001  2.5765100e-001  7.2220700e-001  6.4189800e-001  3.3406100e-001  9.6017000e-001 -1.1703200e-001 -2.5372700e-001  5.0973400e-001
 -1.0813100e-001  6.8170600e-001 -7.2359200e-001 -3.8115800e-001  2.5766000e-001  7.2220600e-001  6.4189600e-001  3.3405900e-001  9.6016600e-001 -1.1703200e-001 -2.5374100e-001  5.0972700e-001
 -1.0813600e-001  6.8170600e-001 -7.2359000e-001 -3.8115600e-001  2.5766500e-001  7.2220500e-001  6.4189500e-001  3.3405700e-001  9.6016400e-001 -1.1703200e-001 -2.5374800e-001  5.0972300e-001
 -1.0813900e-001  6.8170600e-001 -7.2359000e-001 -3.8115500e-001  2.5766700e-001  7.2220600e-001  6.4189300e-001  3.3405600e-001  9.6016300e-001 -1.1703100e-001 -2.5375100e-001  5.0972000e-001
 -1.0814200e-001  6.8170600e-001 -7.2359000e-001 -3.8115400e-001  2.5766700e-001  7.2220600e-001  6.4189300e-001  3.3405500e-001  9.6016300e-001 -1.1702900e-001 -2.5375400e-001  5.0971700e-001
 -1.0814300e-001  6.8170600e-001 -7.2359000e-001 -3.8115300e-001  2.5766700e-001  7.2220600e-001  6.4189300e-001  3.3405400e-001  9.6016300e-001 -1.1702900e-001 -2.5375500e-001  5.0971400e-001
 -1.0814300e-001  6.8170600e-001 -7.2359000e-001 -3.8115200e-001  2.5767000e-001  7.2220500e-001  6.4189200e-001  3.3405300e-001  9.6016200e-001 -1.1703100e-001 -2.5375600e-001  5.0971200e-001
 -1.0814500e-001  6.8170600e-001 -7.2359000e-001 -3.8115200e-001  2.5767100e-001  7.2220600e-001  6.4189100e-001  3.3405200e-001  9.6016200e-001 -1.1703100e-001 -2.5375900e-001  5.0970900e-001
 -1.0814600e-001  6.8170600e-001 -7.2358900e-001 -3.8115100e-001  2.5767200e-001  7.2220600e-001  6.4189100e-001  3.3405100e-001  9.6016100e-001 -1.1703100e-001 -2.5376000e-001  5.0970700e-001
 -1.0814800e-001  6.8170600e-001 -7.2358900e-001 -3.8115000e-001  2.5767400e-001  7.2220500e-001  6.4189100e-001  3.3405000e-001  9.6016000e-001 -1.1703000e-001 -2.5376300e-001  5.0970400e-001
 -1.0815100e-001  6.8170700e-001 -7.2358800e-001 -3.8114900e-001  2.5767600e-001  7.2220500e-001  6.4189000e-001  3.3404900e-001  9.6015900e-001 -1.1703000e-001 -2.5376700e-001  5.0970100e-001
 -1.0815400e-001  6.8170700e-001 -7.2358700e-001 -3.8114800e-001  2.5767900e-001  7.2220500e-001  6.4188900e-001  3.3404900e-001  9.6015900e-001 -1.1703000e-001 -2.5377000e-001  5.0969900e-001
 -1.0815500e-001  6.8170600e-001 -7.2358800e-001 -3.8114700e-001  2.5768000e-001  7.2220500e-001  6.4188800e-001  3.3404700e-001  9.6015800e-001 -1.1703000e-001 -2.5377200e-001  5.0969800e-001
 -1.0815900e-001  6.8170600e-001 -7.2358700e-001 -3.8114700e-001  2.5768000e-001  7.2220600e-001  6.4188700e-001  3.3404700e-001  9.6015800e-001 -1.1702800e-001 -2.5377600e-001  5.0969600e-001
 -1.0816000e-001  6.8170700e-001 -7.2358600e-001 -3.8114600e-001  2.5768400e-001  7.2220500e-001  6.4188700e-001  3.3404600e-001  9.6015600e-001 -1.1703000e-001 -2.5377900e-001  5.0969400e-001
 -1.0816200e-001  6.8170700e-001 -7.2358600e-001 -3.8114500e-001  2.5768500e-001  7.2220500e-001  6.4188700e-001  3.3404600e-001  9.6015600e-001 -1.1703000e-001 -2.5378100e-001  5.0969200e-001
 -1.0816400e-001  6.8170600e-001 -7.2358600e-001 -3.8114500e-001  2.5768600e-001  7.2220600e-001  6.4188500e-001  3.3404500e-001  9.6015500e-001 -1.1702900e-001 -2.5378300e-001  5.0969000e-001
 -1.0816500e-001  6.8170500e-001 -7.2358700e-001 -3.8114500e-001  2.5768700e-001  7.2220600e-001  6.4188400e-001  3.3404300e-001  9.6015500e-001 -1.1702900e-001 -2.5378400e-001  5.0969000e-001
 -1.0816700e-001  6.8170500e-001 -7.2358800e-001 -3.8114500e-001  2.5768800e-001  7.2220700e-001  6.4188300e-001  3.3404300e-001  9.6015500e-001 -1.1702900e-001 -2.5378600e-001  5.0968800e-001
 -1.0816800e-001  6.8170300e-001 -7.2358900e-001 -3.8114500e-001  2.5768800e-001  7.2220900e-001  6.4188100e-001  3.3404100e-001  9.6015400e-001 -1.1702900e-001 -2.5378700e-001  5.0968700e-001
 -1.0817200e-001  6.8169500e-001 -7.2359600e-001 -3.8114800e-001  2.5768600e-001  7.2221600e-001  6.4187300e-001  3.3403700e-001  9.6015400e-001 -1.1702800e-001 -2.5378700e-001  5.0968600e-001
 -1.0817900e-001  6.8167700e-001 -7.2361100e-001 -3.8115600e-001  2.5768600e-001  7.2223300e-001  6.4185500e-001  3.3402700e-001  9.6015400e-001 -1.1702900e-001 -2.5378900e-001  5.0968500e-001
 -1.0819500e-001  6.8164500e-001 -7.2363900e-001 -3.8117000e-001  2.5768300e-001  7.2226300e-001  6.4182200e-001  3.3400900e-001  9.6015300e-001 -1.1702800e-001 -2.5379400e-001  5.0968200e-001
 -1.0821400e-001  6.8159500e-001 -7.2368400e-001 -3.8119100e-001  2.5767700e-001  7.2231100e-001  6.4177000e-001  3.3398000e-001  9.6015200e-001 -1.1702800e-001 -2.5379600e-001  5.0968100e-001
 -1.0823900e-001  6.8151700e-001 -7.2375300e-001 -3.8122600e-001  2.5766200e-001  7.2238400e-001  6.4169400e-001  3.3393900e-001  9.6015300e-001 -1.1702700e-001 -2.5379100e-001  5.0968200e-001
 -1.0827100e-001  6.8141600e-001 -7.2384400e-001 -3.8127000e-001  2.5764200e-001  7.2248000e-001  6.4159500e-001  3.3388400e-001  9.6015500e-001 -1.1702600e-001 -2.5378500e-001  5.0968500e-001
 -1.0831300e-001  6.8128500e-001 -7.2396100e-001 -3.8133000e-001  2.5761600e-001  7.2260400e-001  6.4146500e-001  3.3381500e-001  9.6015700e-001 -1.1702500e-001 -2.5377700e-001  5.0968900e-001
 -1.0837300e-001  6.8109700e-001 -7.2412800e-001 -3.8141500e-001  2.5758500e-001  7.2278000e-001  6.4127900e-001  3.3371600e-001  9.6015900e-001 -1.1702800e-001 -2.5377100e-001  5.0969100e-001
 -1.0844500e-001  6.8086800e-001 -7.2433300e-001 -3.8152000e-001  2.5755100e-001  7.2299500e-001  6.4105000e-001  3.3359500e-001  9.6016000e-001 -1.1703400e-001 -2.5376400e-001  5.0969400e-001
 -1.0854300e-001  6.8056600e-001 -7.2460300e-001 -3.8165700e-001  2.5751300e-001  7.2327800e-001  6.4074700e-001  3.3343800e-001  9.6015900e-001 -1.1704600e-001 -2.5376100e-001  5.0969400e-001
 -1.0866500e-001  6.8016100e-001 -7.2496400e-001 -3.8183800e-001  2.5747100e-001  7.2365400e-001  6.4033900e-001  3.3322900e-001  9.6015700e-001 -1.1707400e-001 -2.5375700e-001  5.0969600e-001
 -1.0881000e-001  6.7962500e-001 -7.2544500e-001 -3.8207300e-001  2.5743300e-001  7.2414700e-001  6.3979700e-001  3.3295800e-001  9.6015000e-001 -1.1713700e-001 -2.5375200e-001  5.0969800e-001
 -1.0899800e-001  6.7891000e-001 -7.2608600e-001 -3.8238600e-001  2.5739400e-001  7.2480200e-001  6.3907000e-001  3.3259900e-001  9.6014000e-001 -1.1723300e-001 -2.5374900e-001  5.0969900e-001
 -1.0924000e-001  6.7803800e-001 -7.2686400e-001 -3.8276800e-001  2.5733900e-001  7.2560100e-001  6.3818500e-001  3.3215900e-001  9.6012700e-001 -1.1733500e-001 -2.5375100e-001  5.0969800e-001
 -1.0954000e-001  6.7697700e-001 -7.2780700e-001 -3.8323300e-001  2.5726700e-001  7.2657200e-001  6.3710800e-001  3.3162100e-001  9.6011200e-001 -1.1745200e-001 -2.5375200e-001  5.0969800e-001
 -1.0987800e-001  6.7573000e-001 -7.2891400e-001 -3.8377400e-001  2.5720100e-001  7.2770600e-001  6.3583900e-001  3.3099300e-001  9.6009100e-001 -1.1761300e-001 -2.5375800e-001  5.0969500e-001
 -1.1028500e-001  6.7427600e-001 -7.3019800e-001 -3.8440500e-001  2.5710900e-001  7.2902700e-001  6.3436200e-001  3.3025800e-001  9.6006900e-001 -1.1777900e-001 -2.5376300e-001  5.0969300e-001
 -1.1073200e-001  6.7264000e-001 -7.3163800e-001 -3.8511100e-001  2.5702000e-001  7.3050300e-001  6.3269700e-001  3.2943400e-001  9.6004100e-001 -1.1798600e-001 -2.5377200e-001  5.0968900e-001
 -1.1123500e-001  6.7078100e-001 -7.3326600e-001 -3.8590900e-001  2.5691200e-001  7.3217300e-001  6.3080900e-001  3.2849800e-001  9.6001200e-001 -1.1821700e-001 -2.5377500e-001  5.0968800e-001
 -1.1179200e-001  6.6870700e-001 -7.3507400e-001 -3.8679100e-001  2.5680600e-001  7.3402400e-001  6.2869700e-001  3.2745600e-001  9.5997600e-001 -1.1848800e-001 -2.5378600e-001  5.0968400e-001
 -1.1240600e-001  6.6640100e-001 -7.3707100e-001 -3.8776500e-001  2.5669300e-001  7.3606800e-001  6.2634800e-001  3.2629900e-001  9.5993400e-001 -1.1879600e-001 -2.5379900e-001  5.0967900e-001
 -1.1307800e-001  6.6386000e-001 -7.3925900e-001 -3.8883100e-001  2.5656600e-001  7.3830700e-001  6.2376100e-001  3.2502600e-001  9.5988900e-001 -1.1913500e-001 -2.5381000e-001  5.0967400e-001
 -1.1382400e-001  6.6106500e-001 -7.4164500e-001 -3.8999600e-001  2.5642100e-001  7.4075200e-001  6.2091500e-001  3.2362300e-001  9.5984000e-001 -1.1949800e-001 -2.5382600e-001  5.0966800e-001
 -1.1463000e-001  6.5804000e-001 -7.4420700e-001 -3.9124700e-001  2.5626500e-001  7.4337700e-001  6.1783400e-001  3.2210400e-001  9.5978500e-001 -1.1989200e-001 -2.5384600e-001  5.0966000e-001
 -1.1550000e-001  6.5477200e-001 -7.4694900e-001 -3.9258500e-001  2.5609400e-001  7.4618900e-001  6.1450600e-001  3.2046400e-001  9.5972700e-001 -1.2031400e-001 -2.5386800e-001  5.0965100e-001
 -1.1644500e-001  6.5118000e-001 -7.4993600e-001 -3.9404000e-001  2.5591600e-001  7.4924900e-001  6.1084600e-001  3.1866500e-001  9.5966000e-001 -1.2079100e-001 -2.5389400e-001  5.0964100e-001
 -1.1745600e-001  6.4736000e-001 -7.5308000e-001 -3.9557100e-001  2.5573400e-001  7.5247100e-001  6.0695000e-001  3.1674800e-001  9.5958500e-001 -1.2129800e-001 -2.5393400e-001  5.0962400e-001
 -1.1853400e-001  6.4330500e-001 -7.5637900e-001 -3.9717600e-001  2.5553800e-001  7.5585500e-001  6.0281300e-001  3.1471400e-001  9.5950500e-001 -1.2182900e-001 -2.5398400e-001  5.0960300e-001
 -1.1966100e-001  6.3907000e-001 -7.5978400e-001 -3.9883400e-001  2.5533400e-001  7.5935000e-001  5.9849100e-001  3.1258900e-001  9.5942000e-001 -1.2238200e-001 -2.5404100e-001  5.0957900e-001
 -1.2085700e-001  6.3462500e-001 -7.6331100e-001 -4.0055100e-001  2.5512600e-001  7.6297600e-001  5.9395200e-001  3.1035600e-001  9.5932500e-001 -1.2295800e-001 -2.5412100e-001  5.0954500e-001
 -1.2215900e-001  6.2993000e-001 -7.6698500e-001 -4.0233900e-001  2.5491500e-001  7.6676200e-001  5.8914700e-001  3.0798800e-001  9.5921600e-001 -1.2354600e-001 -2.5424500e-001  5.0949200e-001
 -1.2351800e-001  6.2504400e-001 -7.7075500e-001 -4.0417400e-001  2.5469800e-001  7.7065200e-001  5.8414400e-001  3.0552100e-001  9.5910000e-001 -1.2415700e-001 -2.5438700e-001  5.0943100e-001
 -1.2496500e-001  6.1985800e-001 -7.7470000e-001 -4.0609300e-001  2.5447100e-001  7.7472500e-001  5.7883100e-001  3.0290300e-001  9.5897300e-001 -1.2480500e-001 -2.5455000e-001  5.0936000e-001
 -1.2649200e-001  6.1457400e-001 -7.7865200e-001 -4.0800900e-001  2.5427400e-001  7.7881900e-001  5.7339900e-001  3.0022700e-001  9.5882500e-001 -1.2546000e-001 -2.5478400e-001  5.0925900e-001
 -1.2815600e-001  6.0913000e-001 -7.8264700e-001 -4.0993800e-001  2.5399100e-001  7.8299500e-001  5.6781000e-001  2.9748100e-001  9.5867900e-001 -1.2601700e-001 -2.5505900e-001  5.0914000e-001
 -1.2994200e-001  6.0344300e-001 -7.8674700e-001 -4.1191200e-001  2.5365000e-001  7.8730300e-001  5.6197500e-001  2.9462100e-001  9.5852900e-001 -1.2653400e-001 -2.5536700e-001  5.0900500e-001
 -1.3186400e-001  5.9761400e-001 -7.9086600e-001 -4.1388700e-001  2.5331500e-001  7.9165800e-001  5.5597600e-001  2.9168000e-001  9.5835400e-001 -1.2702500e-001 -2.5577600e-001  5.0882700e-001
 -1.3387500e-001  5.9151000e-001 -7.9510600e-001 -4.1592200e-001  2.5303700e-001  7.9613600e-001  5.4967200e-001  2.8858200e-001  9.5814900e-001 -1.2760400e-001 -2.5625700e-001  5.0861700e-001
 -1.3593600e-001  5.8521800e-001 -7.9940100e-001 -4.1798300e-001  2.5276600e-001  8.0067300e-001  5.4316800e-001  2.8538500e-001  9.5793000e-001 -1.2822600e-001 -2.5676400e-001  5.0839600e-001
 -1.3809000e-001  5.7882400e-001 -8.0367500e-001 -4.2003000e-001  2.5250400e-001  8.0521000e-001  5.3654300e-001  2.8212900e-001  9.5769100e-001 -1.2884000e-001 -2.5734700e-001  5.0814100e-001
 -1.4036200e-001  5.7227200e-001 -8.0796200e-001 -4.2207600e-001  2.5224100e-001  8.0978300e-001  5.2974100e-001  2.7878600e-001  9.5743000e-001 -1.2944600e-001 -2.5801300e-001  5.0785000e-001
 -1.4278400e-001  5.6553200e-001 -8.1227200e-001 -4.2412600e-001  2.5195000e-001  8.1441400e-001  5.2273400e-001  2.7534500e-001  9.5714900e-001 -1.3001400e-001 -2.5877100e-001  5.0751800e-001
 -1.4534500e-001  5.5848500e-001 -8.1668200e-001 -4.2622000e-001  2.5160100e-001  8.1917500e-001  5.1541200e-001  2.7175400e-001  9.5685500e-001 -1.3056600e-001 -2.5957800e-001  5.0716500e-001
 -1.4793500e-001  5.5132700e-001 -8.2106800e-001 -4.2830300e-001  2.5127500e-001  8.2391300e-001  5.0796400e-001  2.6809800e-001  9.5654400e-001 -1.3116900e-001 -2.6042100e-001  5.0679700e-001
 -1.5053400e-001  5.4414000e-001 -8.2538000e-001 -4.3034800e-001  2.5092500e-001  8.2858300e-001  5.0048700e-001  2.6443100e-001  9.5623000e-001 -1.3176800e-001 -2.6126800e-001  5.0642600e-001
 -1.5322100e-001  5.3674000e-001 -8.2971900e-001 -4.3240400e-001  2.5049700e-001  8.3330500e-001  4.9280200e-001  2.6067000e-001  9.5591600e-001 -1.3233500e-001 -2.6213200e-001  5.0604900e-001
 -1.5607500e-001  5.2914100e-001 -8.3405700e-001 -4.3445100e-001  2.4998900e-001  8.3807400e-001  4.8491000e-001  2.5681400e-001  9.5558700e-001 -1.3282300e-001 -2.6308100e-001  5.0563300e-001
 -1.5900400e-001  5.2134800e-001 -8.3840000e-001 -4.3649500e-001  2.4933100e-001  8.4288200e-001  4.7684900e-001  2.5288700e-001  9.5527600e-001 -1.3321800e-001 -2.6401000e-001  5.0522700e-001
 -1.6194200e-001  5.1346400e-001 -8.4269200e-001 -4.3851800e-001  2.4865500e-001  8.4764100e-001  4.6869500e-001  2.4891800e-001  9.5495800e-001 -1.3363800e-001 -2.6494400e-001  5.0481700e-001
 -1.6491600e-001  5.0557400e-001 -8.4687500e-001 -4.4049000e-001  2.4800000e-001  8.5230200e-001  4.6051900e-001  2.4494400e-001  9.5462000e-001 -1.3407800e-001 -2.6594100e-001  5.0437900e-001
 -1.6794300e-001  4.9757300e-001 -8.5100900e-001 -4.4243000e-001  2.4726500e-001  8.5693500e-001  4.5224200e-001  2.4092200e-001  9.5428300e-001 -1.3447400e-001 -2.6694800e-001  5.0393800e-001
 -1.7099300e-001  4.8942700e-001 -8.5511500e-001 -4.4436900e-001  2.4653300e-001  8.6154300e-001  4.4380800e-001  2.3683000e-001  9.5393000e-001 -1.3492600e-001 -2.6797800e-001  5.0348400e-001
 -1.7396500e-001  4.8140400e-001 -8.5906100e-001 -4.4623100e-001  2.4588700e-001  8.6596600e-001  4.3548000e-001  2.3277900e-001  9.5356000e-001 -1.3547400e-001 -2.6901800e-001  5.0302800e-001
 -1.7693200e-001  4.7346100e-001 -8.6286200e-001 -4.4802600e-001  2.4531800e-001  8.7023800e-001  4.2720600e-001  2.2874900e-001  9.5316000e-001 -1.3608900e-001 -2.7012100e-001  5.0254400e-001
 -1.7991400e-001  4.6549900e-001 -8.6656900e-001 -4.4979600e-001  2.4475400e-001  8.7442300e-001  4.1890300e-001  2.2471600e-001  9.5274700e-001 -1.3673000e-001 -2.7125400e-001  5.0204200e-001
 -1.8290200e-001  4.5741500e-001 -8.7024100e-001 -4.5156500e-001  2.4418900e-001  8.7857000e-001  4.1047100e-001  2.2062400e-001  9.5232300e-001 -1.3742700e-001 -2.7238700e-001  5.0153500e-001
 -1.8586900e-001  4.4941200e-001 -8.7377400e-001 -4.5329800e-001  2.4370000e-001  8.8257000e-001  4.0209600e-001  2.1656700e-001  9.5187400e-001 -1.3820100e-001 -2.7356400e-001  5.0100500e-001
 -1.8876000e-001  4.4158800e-001 -8.7713700e-001 -4.5496900e-001  2.4326500e-001  8.8638100e-001  3.9389200e-001  2.1259700e-001  9.5141600e-001 -1.3902600e-001 -2.7473600e-001  5.0047300e-001
 -1.9169700e-001  4.3373600e-001 -8.8041200e-001 -4.5664700e-001  2.4285000e-001  8.9011600e-001  3.8563900e-001  2.0863500e-001  9.5093400e-001 -1.3988200e-001 -2.7596500e-001  4.9990300e-001
 -1.9468600e-001  4.2577300e-001 -8.8363700e-001 -4.5835200e-001  2.4244300e-001  8.9381000e-001  3.7725900e-001  2.0463900e-001  9.5043100e-001 -1.4078500e-001 -2.7723800e-001  4.9930100e-001
 -1.9767100e-001  4.1790100e-001 -8.8672700e-001 -4.6001500e-001  2.4205100e-001  8.9737400e-001  3.6896000e-001  2.0069100e-001  9.4991500e-001 -1.4170000e-001 -2.7853800e-001  4.9868300e-001
 -2.0071900e-001  4.1015100e-001 -8.8965600e-001 -4.6164400e-001  2.4172100e-001  9.0079400e-001  3.6075100e-001  1.9681200e-001  9.4935900e-001 -1.4263900e-001 -2.7994900e-001  4.9800300e-001
 -2.0375300e-001  4.0241300e-001 -8.9249600e-001 -4.6326400e-001  2.4138100e-001  9.0412600e-001  3.5255000e-001  1.9295900e-001  9.4879900e-001 -1.4359900e-001 -2.8135400e-001  4.9731800e-001
 -2.0684300e-001  3.9473900e-001 -8.9520800e-001 -4.6487500e-001  2.4107900e-001  9.0734600e-001  3.4438900e-001  1.8915000e-001  9.4820700e-001 -1.4458100e-001 -2.8284200e-001  4.9658300e-001
 -2.0997700e-001  3.8695400e-001 -8.9787300e-001 -4.6650100e-001  2.4077400e-001  9.1052900e-001  3.3610100e-001  1.8530100e-001  9.4759600e-001 -1.4561100e-001 -2.8435900e-001  4.9582600e-001
 -2.1314600e-001  3.7926900e-001 -9.0040200e-001 -4.6809600e-001  2.4049500e-001  9.1359100e-001  3.2789300e-001  1.8150700e-001  9.4695900e-001 -1.4665300e-001 -2.8594100e-001  4.9503000e-001
 -2.1631100e-001  3.7175600e-001 -9.0277800e-001 -4.6964800e-001  2.4024100e-001  9.1650600e-001  3.1984600e-001  1.7780500e-001  9.4630500e-001 -1.4769900e-001 -2.8756100e-001  4.9421000e-001
 -2.1956100e-001  3.6427500e-001 -9.0504000e-001 -4.7122300e-001  2.4006400e-001  9.1932500e-001  3.1178600e-001  1.7413900e-001  9.4560200e-001 -1.4881100e-001 -2.8929700e-001  4.9331700e-001
 -2.2279800e-001  3.5680500e-001 -9.0722200e-001 -4.7278800e-001  2.3988500e-001  9.2206400e-001  3.0373100e-001  1.7048900e-001  9.4489000e-001 -1.4995800e-001 -2.9102600e-001  4.9241600e-001
 -2.2599900e-001  3.4949100e-001 -9.0927500e-001 -4.7434800e-001  2.3973700e-001  9.2467100e-001  2.9582200e-001  1.6693300e-001  9.4416700e-001 -1.5113100e-001 -2.9276100e-001  4.9149000e-001
 -2.2907200e-001  3.4239500e-001 -9.1120400e-001 -4.7588700e-001  2.3964800e-001  9.2712000e-001  2.8812900e-001  1.6350200e-001  9.4344800e-001 -1.5236600e-001 -2.9443100e-001  4.9052500e-001
 -2.3179200e-001  3.3549400e-001 -9.1308100e-001 -4.7740800e-001  2.3958500e-001  9.2941900e-001  2.8067700e-001  1.6018700e-001  9.4280000e-001 -1.5370100e-001 -2.9581100e-001  4.8953500e-001
 -2.3423400e-001  3.2877900e-001 -9.1489800e-001 -4.7892300e-001  2.3982600e-001  9.3153600e-001  2.7335800e-001  1.5694300e-001  9.4213500e-001 -1.5538600e-001 -2.9704700e-001  4.8848200e-001
 -2.3614700e-001  3.2234400e-001 -9.1669500e-001 -4.8042300e-001  2.4037100e-001  9.3343500e-001  2.6631000e-001  1.5382900e-001  9.4151800e-001 -1.5745800e-001 -2.9791000e-001  4.8736500e-001
 -2.3712200e-001  3.1609800e-001 -9.1861600e-001 -4.8192000e-001  2.4109500e-001  9.3515000e-001  2.5955400e-001  1.5081700e-001  9.4108800e-001 -1.5992800e-001 -2.9795400e-001  4.8623200e-001
 -2.3712300e-001  3.1022700e-001 -9.2061500e-001 -4.8339700e-001  2.4202200e-001  9.3662800e-001  2.5328500e-001  1.4800000e-001  9.4085000e-001 -1.6275000e-001 -2.9717800e-001  4.8506100e-001
 -2.3588900e-001  3.0468800e-001 -9.2278000e-001 -4.8488200e-001  2.4337700e-001  9.3783700e-001  2.4744600e-001  1.4535100e-001  9.4081100e-001 -1.6621300e-001 -2.9537900e-001  4.8382800e-001
 -2.3366600e-001  2.9941700e-001 -9.2506700e-001 -4.8636700e-001  2.4467100e-001  9.3889700e-001  2.4209000e-001  1.4289900e-001  9.4102900e-001 -1.6976900e-001 -2.9264700e-001  4.8255800e-001
 -2.3099200e-001  2.9438700e-001 -9.2735100e-001 -4.8785900e-001  2.4605100e-001  9.3982000e-001  2.3705700e-001  1.4060300e-001  9.4133000e-001 -1.7341800e-001 -2.8952500e-001  4.8119600e-001
 -2.2782200e-001  2.8972600e-001 -9.2960000e-001 -4.8934700e-001  2.4752400e-001  9.4057600e-001  2.3248500e-001  1.3851700e-001  9.4171600e-001 -1.7713300e-001 -2.8599800e-001  4.7968600e-001
 -2.2406600e-001  2.8554000e-001 -9.3180500e-001 -4.9083000e-001  2.4960600e-001  9.4103900e-001  2.2834800e-001  1.3661000e-001  9.4206800e-001 -1.8141900e-001 -2.8212700e-001  4.7809500e-001
 -2.2002500e-001  2.8195500e-001 -9.3385800e-001 -4.9230200e-001  2.5224100e-001  9.4120400e-001  2.2474300e-001  1.3494100e-001  9.4231800e-001 -1.8610800e-001 -2.7820900e-001  4.7634000e-001
 -2.1576000e-001  2.7887100e-001 -9.3577700e-001 -4.9376700e-001  2.5541700e-001  9.4110100e-001  2.2156600e-001  1.3344500e-001  9.4244900e-001 -1.9120800e-001 -2.7428000e-001  4.7443500e-001
 -2.1150900e-001  2.7631900e-001 -9.3750300e-001 -4.9522900e-001  2.5917900e-001  9.4072100e-001  2.1879400e-001  1.3212700e-001  9.4238500e-001 -1.9670400e-001 -2.7058700e-001  4.7236700e-001
 -2.0720300e-001  2.7410900e-001 -9.3911200e-001 -4.9667300e-001  2.6281400e-001  9.4025300e-001  2.1645600e-001  1.3098600e-001  9.4233500e-001 -2.0196100e-001 -2.6686300e-001  4.7018800e-001
 -2.0312400e-001  2.7222700e-001 -9.4054900e-001 -4.9810600e-001  2.6597400e-001  9.3979700e-001  2.1456900e-001  1.3005200e-001  9.4233700e-001 -2.0657800e-001 -2.6330000e-001  4.6784400e-001
 -1.9914100e-001  2.7059800e-001 -9.4187000e-001 -4.9953800e-001  2.6868700e-001  9.3936600e-001  2.1307000e-001  1.2925800e-001  9.4241700e-001 -2.1063800e-001 -2.5977300e-001  4.6535200e-001
 -1.9521700e-001  2.6938300e-001 -9.4303900e-001 -5.0095700e-001  2.7129500e-001  9.3885200e-001  2.1202700e-001  1.2860700e-001  9.4249100e-001 -2.1445000e-001 -2.5636200e-001  4.6273100e-001
 -1.9119600e-001  2.6871400e-001 -9.4405300e-001 -5.0235600e-001  2.7428500e-001  9.3810900e-001  2.1147200e-001  1.2813600e-001  9.4245000e-001 -2.1850700e-001 -2.5306700e-001  4.5997200e-001
 -1.8707800e-001  2.6837500e-001 -9.4497400e-001 -5.0377400e-001  2.7835400e-001  9.3701400e-001  2.1100800e-001  1.2765300e-001  9.4208300e-001 -2.2356200e-001 -2.4999800e-001  4.5707000e-001
 -1.8279100e-001  2.6831300e-001 -9.4583100e-001 -5.0518100e-001  2.8304000e-001  9.3567200e-001  2.1073100e-001  1.2722400e-001  9.4152900e-001 -2.2918800e-001 -2.4697500e-001  4.5408500e-001
 -1.7851700e-001  2.6869700e-001 -9.4653800e-001 -5.0656600e-001  2.8855200e-001  9.3399000e-001  2.1071400e-001  1.2689400e-001  9.4067500e-001 -2.3550900e-001 -2.4426600e-001  4.5097100e-001
 -1.7445900e-001  2.6915500e-001 -9.4716400e-001 -5.0798000e-001  2.9436700e-001  9.3218200e-001  2.1067800e-001  1.2652400e-001  9.3963400e-001 -2.4205900e-001 -2.4185700e-001  4.4774400e-001
 -1.7049600e-001  2.6998800e-001 -9.4764800e-001 -5.0932000e-001  3.0018700e-001  9.3024600e-001  2.1102200e-001  1.2628900e-001  9.3851900e-001 -2.4849300e-001 -2.3965000e-001  4.4444500e-001
 -1.6678400e-001  2.7099300e-001 -9.4802200e-001 -5.1065200e-001  3.0617300e-001  9.2819300e-001  2.1146100e-001  1.2609400e-001  9.3725200e-001 -2.5499000e-001 -2.3777800e-001  4.4102200e-001
 -1.6336900e-001  2.7204900e-001 -9.4831400e-001 -5.1194800e-001  3.1170400e-001  9.2622400e-001  2.1201300e-001  1.2593900e-001  9.3602900e-001 -2.6095700e-001 -2.3611500e-001  4.3755900e-001
 -1.6018700e-001  2.7322200e-001 -9.4852000e-001 -5.1321200e-001  3.1692100e-001  9.2429000e-001  2.1272000e-001  1.2590100e-001  9.3482700e-001 -2.6653100e-001 -2.3464900e-001  4.3404500e-001
 -1.5750800e-001  2.7424600e-001 -9.4867300e-001 -5.1446100e-001  3.2130200e-001  9.2262600e-001  2.1337000e-001  1.2586700e-001  9.3378600e-001 -2.7120300e-001 -2.3343600e-001  4.3045500e-001
 -1.5502700e-001  2.7544400e-001 -9.4873400e-001 -5.1565500e-001  3.2514000e-001  9.2106800e-001  2.1428300e-001  1.2601100e-001  9.3287200e-001 -2.7525200e-001 -2.3234900e-001  4.2685400e-001
 -1.5299400e-001  2.7647000e-001 -9.4876600e-001 -5.1686700e-001  3.2864700e-001  9.1965700e-001  2.1499200e-001  1.2613000e-001  9.3197800e-001 -2.7891700e-001 -2.3156400e-001  4.2322800e-001
 -1.5109900e-001  2.7756500e-001 -9.4875000e-001 -5.1810600e-001  3.3164500e-001  9.1837700e-001  2.1586100e-001  1.2636400e-001  9.3122500e-001 -2.8203200e-001 -2.3081900e-001  4.1966900e-001
 -1.4937100e-001  2.7878200e-001 -9.4866700e-001 -5.1938900e-001  3.3484200e-001  9.1700500e-001  2.1675500e-001  1.2671600e-001  9.3036000e-001 -2.8527600e-001 -2.3032100e-001  4.1614100e-001
 -1.4785000e-001  2.7964400e-001 -9.4865100e-001 -5.2078000e-001  3.3686900e-001  9.1607600e-001  2.1754000e-001  1.2712300e-001  9.2987100e-001 -2.8740800e-001 -2.2964500e-001  4.1272500e-001
 -1.4651700e-001  2.8046500e-001 -9.4861600e-001 -5.2226500e-001  3.3809300e-001  9.1541400e-001  2.1842900e-001  1.2776800e-001  9.2963700e-001 -2.8871700e-001 -2.2894700e-001  4.0945700e-001
 -1.4509500e-001  2.8116300e-001 -9.4862800e-001 -5.2393700e-001  3.3927400e-001  9.1478300e-001  2.1923900e-001  1.2842200e-001  9.2943000e-001 -2.9003500e-001 -2.2812200e-001  4.0632700e-001
 -1.4344000e-001  2.8209800e-001 -9.4860200e-001 -5.2572200e-001  3.4028200e-001  9.1413100e-001  2.2039200e-001  1.2934200e-001  9.2931900e-001 -2.9117900e-001 -2.2711600e-001  4.0334300e-001
 -1.4222700e-001  2.8248300e-001 -9.4867000e-001 -5.2770600e-001  3.3981900e-001  9.1409800e-001  2.2124200e-001  1.3029400e-001  9.2967400e-001 -2.9091000e-001 -2.2600300e-001  4.0050300e-001
 -1.4177700e-001  2.8180200e-001 -9.4894000e-001 -5.2984500e-001  3.3527700e-001  9.1563400e-001  2.2181900e-001  1.3149800e-001  9.3139100e-001 -2.8670900e-001 -2.2429800e-001  3.9785300e-001
 -1.4240900e-001  2.7911300e-001 -9.4964000e-001 -5.3220100e-001  3.2465000e-001  9.1951500e-001  2.2157400e-001  1.3285200e-001  9.3505200e-001 -2.7674600e-001 -2.2156100e-001  3.9544900e-001
 -1.4530600e-001  2.7400300e-001 -9.5068800e-001 -5.3471800e-001  3.0634200e-001  9.2612600e-001  2.2010100e-001  1.3435800e-001  9.4076600e-001 -2.5925300e-001 -2.1851100e-001  3.9311300e-001
 -1.4997500e-001  2.6637700e-001 -9.5213000e-001 -5.3740200e-001  2.8085100e-001  9.3482900e-001  2.1729800e-001  1.3601800e-001  9.4796100e-001 -2.3481700e-001 -2.1501300e-001  3.9092900e-001
 -1.5519500e-001  2.5693000e-001 -9.5388800e-001 -5.4027400e-001  2.4981600e-001  9.4441000e-001  2.1373300e-001  1.3790600e-001  9.5577500e-001 -2.0512700e-001 -2.1075300e-001  3.8887400e-001
 -1.6043100e-001  2.4615000e-001 -9.5586200e-001 -5.4326500e-001  2.1637900e-001  9.5362000e-001  2.0925600e-001  1.3982500e-001  9.6303800e-001 -1.7325800e-001 -2.0625200e-001  3.8686900e-001
 -1.6523600e-001  2.3490500e-001 -9.5787100e-001 -5.4648200e-001  1.8180800e-001  9.6183200e-001  2.0451400e-001  1.4184800e-001  9.6935200e-001 -1.4035600e-001 -2.0163700e-001  3.8496300e-001
 -1.6970000e-001  2.2364800e-001 -9.5978300e-001 -5.4976000e-001  1.4790100e-001  9.6865800e-001  1.9956600e-001  1.4385800e-001  9.7433400e-001 -1.0808600e-001 -1.9745900e-001  3.8303000e-001
 -1.7315000e-001  2.1299800e-001 -9.6158800e-001 -5.5319000e-001  1.1534000e-001  9.7400200e-001  1.9497900e-001  1.4604900e-001  9.7811800e-001 -7.7149000e-002 -1.9321500e-001  3.8108200e-001
 -1.7579100e-001  2.0269800e-001 -9.6333300e-001 -5.5666900e-001  8.4415000e-002  9.7807200e-001  1.9039500e-001  1.4812300e-001  9.8080100e-001 -4.7850000e-002 -1.8904700e-001  3.7912500e-001
 -1.7791200e-001  1.9323000e-001 -9.6488800e-001 -5.6023000e-001  5.5863000e-002  9.8093300e-001  1.8614200e-001  1.5024100e-001  9.8245900e-001 -2.0784000e-002 -1.8531400e-001  3.7702800e-001
 -1.7966200e-001  1.8419800e-001 -9.6633000e-001 -5.6385700e-001  2.9354000e-002  9.8288000e-001  1.8189500e-001  1.5221100e-001  9.8329000e-001  4.3140000e-003 -1.8199300e-001  3.7499400e-001
 -1.8177100e-001  1.7606400e-001 -9.6745100e-001 -5.6746400e-001  5.8010000e-003  9.8401500e-001  1.7798900e-001  1.5413900e-001  9.8332400e-001  2.6741000e-002 -1.7988700e-001  3.7267400e-001
 -1.8336600e-001  1.6901600e-001 -9.6840600e-001 -5.7114400e-001 -1.4843000e-002  9.8452100e-001  1.7463900e-001  1.5602200e-001  9.8293300e-001  4.6397000e-002 -1.7801900e-001  3.7043800e-001
 -1.8492300e-001  1.6299800e-001 -9.6914200e-001 -5.7476100e-001 -3.1830000e-002  9.8463900e-001  1.7167800e-001  1.5773600e-001  9.8223700e-001  6.2595000e-002 -1.7689400e-001  3.6801200e-001
 -1.8615600e-001  1.5832700e-001 -9.6968000e-001 -5.7834300e-001 -4.5031000e-002  9.8451900e-001  1.6939400e-001  1.5932100e-001  9.8148800e-001  7.5199000e-002 -1.7614500e-001  3.6539900e-001
 -1.8654700e-001  1.5508400e-001 -9.7012800e-001 -5.8195800e-001 -5.3884000e-002  9.8436100e-001  1.6772000e-001  1.6069700e-001  9.8096700e-001  8.3563000e-002 -1.7527300e-001  3.6290600e-001
 -1.8727800e-001  1.5340600e-001 -9.7025400e-001 -5.8541800e-001 -5.7597000e-002  9.8431600e-001  1.6674600e-001  1.6190000e-001  9.8061700e-001  8.7112000e-002 -1.7550600e-001  3.6004200e-001
 -1.8740300e-001  1.5299700e-001 -9.7029500e-001 -5.8887100e-001 -5.7693000e-002  9.8437600e-001  1.6636100e-001  1.6289600e-001  9.8058700e-001  8.7156000e-002 -1.7564900e-001  3.5722900e-001
 -1.8778500e-001  1.5296900e-001 -9.7022500e-001 -5.9219300e-001 -5.6436000e-002  9.8448600e-001  1.6614000e-001  1.6364100e-001  9.8058800e-001  8.5954000e-002 -1.7623800e-001  3.5421400e-001
 -1.8841400e-001  1.5280400e-001 -9.7012900e-001 -5.9543600e-001 -5.5131000e-002  9.8461800e-001  1.6579400e-001  1.6424600e-001  9.8054100e-001  8.4722000e-002 -1.7709200e-001  3.5107900e-001
 -1.8938300e-001  1.5225500e-001 -9.7002700e-001 -5.9852200e-001 -5.3815000e-002  9.8481100e-001  1.6508200e-001  1.6458000e-001  9.8042700e-001  8.3466000e-002 -1.7831300e-001  3.4781600e-001
 -1.9079900e-001  1.5160700e-001 -9.6985100e-001 -6.0148300e-001 -5.2357000e-002  9.8502300e-001  1.6427900e-001  1.6483600e-001  9.8023200e-001  8.2123000e-002 -1.8000400e-001  3.4433500e-001
 -1.9247100e-001  1.5054300e-001 -9.6968600e-001 -6.0430700e-001 -5.0919000e-002  9.8529900e-001  1.6307400e-001  1.6480100e-001  9.7998100e-001  8.0763000e-002 -1.8197600e-001  3.4079300e-001
 -1.9444800e-001  1.4940100e-001 -9.6946900e-001 -6.0703800e-001 -4.9368000e-002  9.8559000e-001  1.6178700e-001  1.6469400e-001  9.7967000e-001  7.9320000e-002 -1.8427000e-001  3.3708300e-001
 -1.9672600e-001  1.4792900e-001 -9.6923500e-001 -6.0961800e-001 -4.7704000e-002  9.8593800e-001  1.6016000e-001  1.6434400e-001  9.7929700e-001  7.7744000e-002 -1.8690300e-001  3.3327100e-001
 -1.9921700e-001  1.4634000e-001 -9.6896700e-001 -6.1210200e-001 -4.6064000e-002  9.8629600e-001  1.5842700e-001  1.6389100e-001  9.7887200e-001  7.6196000e-002 -1.8974600e-001  3.2936700e-001
 -2.0195600e-001  1.4459300e-001 -9.6866200e-001 -6.1446500e-001 -4.4307000e-002  9.8668100e-001  1.5652000e-001  1.6330400e-001  9.7839200e-001  7.4528000e-002 -1.9286000e-001  3.2536400e-001
