  2.6070900e-001 -2.2616300e-001 -9.3855300e-001 -4.8333600e-001  5.2948000e-002  9.7405900e-001 -2.2001100e-001 -9.9498000e-002  9.6396400e-001  7.6640000e-003  2.6592100e-001  6.2694600e-001
  2.6070800e-001 -2.2616100e-001 -9.3855300e-001 -4.8333600e-001  5.2947000e-002  9.7406000e-001 -2.2001000e-001 -9.9497000e-002  9.6396500e-001  7.6640000e-003  2.6592000e-001  6.2694600e-001
  2.6083100e-001 -2.2621600e-001 -9.3850600e-001 -4.8331400e-001  5.2540000e-002  9.7404300e-001 -2.2018000e-001 -9.9562000e-002  9.6395400e-001  8.1210000e-003  2.6594600e-001  6.2695900e-001
  2.6172800e-001 -2.2594300e-001 -9.3832200e-001 -4.8327500e-001  4.8918000e-002  9.7406800e-001 -2.2090500e-001 -9.9686000e-002  9.6390100e-001  1.1916000e-002  2.6599300e-001  6.2697800e-001
  2.6327600e-001 -2.2552600e-001 -9.3798900e-001 -4.8321400e-001  4.2635000e-002  9.7406100e-001 -2.2223200e-001 -9.9888000e-002  9.6377800e-001  1.8517000e-002  2.6606200e-001  6.2700400e-001
  2.6489800e-001 -2.2525700e-001 -9.3759700e-001 -4.8314000e-001  3.6012000e-002  9.7396500e-001 -2.2382000e-001 -1.0017800e-001  9.6360400e-001  2.5525000e-002  2.6611300e-001  6.2702100e-001
  2.6631600e-001 -2.2513700e-001 -9.3722400e-001 -4.8306300e-001  3.0281000e-002  9.7381400e-001 -2.2532200e-001 -1.0048700e-001  9.6341000e-001  3.1626000e-002  2.6615900e-001  6.2703700e-001
  2.6726600e-001 -2.2521500e-001 -9.3693500e-001 -4.8298800e-001  2.6454000e-002  9.7365300e-001 -2.2649500e-001 -1.0081600e-001  9.6326000e-001  3.5748000e-002  2.6618300e-001  6.2704600e-001
  2.6774900e-001 -2.2537800e-001 -9.3675800e-001 -4.8291500e-001  2.4516000e-002  9.7353500e-001 -2.2721900e-001 -1.0115400e-001  9.6317700e-001  3.7872000e-002  2.6618800e-001  6.2704800e-001
  2.6792500e-001 -2.2576800e-001 -9.3661300e-001 -4.8285000e-001  2.3865000e-002  9.7341300e-001 -2.2781200e-001 -1.0146000e-001  9.6314400e-001  3.8684000e-002  2.6619000e-001  6.2705000e-001
  2.6794900e-001 -2.2623900e-001 -9.3649300e-001 -4.8279700e-001  2.3872000e-002  9.7329800e-001 -2.2830000e-001 -1.0171000e-001  9.6313700e-001  3.8817000e-002  2.6619500e-001  6.2705100e-001
  2.6793700e-001 -2.2662200e-001 -9.3640400e-001 -4.8275700e-001  2.3982000e-002  9.7320900e-001 -2.2866700e-001 -1.0189800e-001  9.6313800e-001  3.8811000e-002  2.6619400e-001  6.2705200e-001
  2.6793900e-001 -2.2685500e-001 -9.3634700e-001 -4.8273000e-001  2.4047000e-002  9.7315500e-001 -2.2889200e-001 -1.0201300e-001  9.6313600e-001  3.8812000e-002  2.6620100e-001  6.2705500e-001
  2.6795000e-001 -2.2702300e-001 -9.3630300e-001 -4.8270700e-001  2.4093000e-002  9.7311600e-001 -2.2905400e-001 -1.0209600e-001  9.6313100e-001  3.8817000e-002  2.6621600e-001  6.2706300e-001
  2.6795100e-001 -2.2711400e-001 -9.3628100e-001 -4.8269700e-001  2.4120000e-002  9.7309400e-001 -2.2914100e-001 -1.0214000e-001  9.6313100e-001  3.8815000e-002  2.6621900e-001  6.2706500e-001
  2.6796900e-001 -2.2714000e-001 -9.3626900e-001 -4.8268800e-001  2.4122000e-002  9.7308800e-001 -2.2916900e-001 -1.0215400e-001  9.6312500e-001  3.8826000e-002  2.6623700e-001  6.2707400e-001
  2.6797200e-001 -2.2714200e-001 -9.3626800e-001 -4.8268700e-001  2.4120000e-002  9.7308700e-001 -2.2917100e-001 -1.0215500e-001  9.6312500e-001  3.8829000e-002  2.6623900e-001  6.2707500e-001
  2.6797300e-001 -2.2714200e-001 -9.3626800e-001 -4.8268700e-001  2.4118000e-002  9.7308700e-001 -2.2917200e-001 -1.0215500e-001  9.6312500e-001  3.8831000e-002  2.6623900e-001  6.2707500e-001
  2.6797000e-001 -2.2715400e-001 -9.3626600e-001 -4.8268600e-001  2.4122000e-002  9.7308500e-001 -2.2918300e-001 -1.0216100e-001  9.6312500e-001  3.8829000e-002  2.6623700e-001  6.2707400e-001
  2.6797100e-001 -2.2718200e-001 -9.3625800e-001 -4.8268300e-001  2.4131000e-002  9.7307800e-001 -2.2921000e-001 -1.0217400e-001  9.6312500e-001  3.8828000e-002  2.6623900e-001  6.2707500e-001
  2.6797500e-001 -2.2719700e-001 -9.3625400e-001 -4.8268000e-001  2.4134000e-002  9.7307400e-001 -2.2922500e-001 -1.0218200e-001  9.6312400e-001  3.8831000e-002  2.6624200e-001  6.2707600e-001
  2.6798200e-001 -2.2721300e-001 -9.3624800e-001 -4.8267600e-001  2.4138000e-002  9.7307000e-001 -2.2924100e-001 -1.0219000e-001  9.6312200e-001  3.8833000e-002  2.6624900e-001  6.2708000e-001
  2.6798200e-001 -2.2721900e-001 -9.3624600e-001 -4.8267500e-001  2.4140000e-002  9.7306900e-001 -2.2924600e-001 -1.0219300e-001  9.6312200e-001  3.8833000e-002  2.6625000e-001  6.2708000e-001
  2.6798300e-001 -2.2722400e-001 -9.3624500e-001 -4.8267400e-001  2.4139000e-002  9.7306800e-001 -2.2925100e-001 -1.0219500e-001  9.6312100e-001  3.8835000e-002  2.6625100e-001  6.2708100e-001
  2.6798400e-001 -2.2723200e-001 -9.3624200e-001 -4.8267300e-001  2.4142000e-002  9.7306600e-001 -2.2925900e-001 -1.0219900e-001  9.6312100e-001  3.8835000e-002  2.6625200e-001  6.2708200e-001
  2.6798800e-001 -2.2723800e-001 -9.3624000e-001 -4.8267100e-001  2.4144000e-002  9.7306500e-001 -2.2926500e-001 -1.0220200e-001  9.6312000e-001  3.8836000e-002  2.6625600e-001  6.2708300e-001
  2.6799600e-001 -2.2724600e-001 -9.3623600e-001 -4.8266800e-001  2.4144000e-002  9.7306300e-001 -2.2927300e-001 -1.0220600e-001  9.6311800e-001  3.8840000e-002  2.6626300e-001  6.2708700e-001
  2.6800300e-001 -2.2725000e-001 -9.3623300e-001 -4.8266500e-001  2.4144000e-002  9.7306100e-001 -2.2927800e-001 -1.0220800e-001  9.6311600e-001  3.8843000e-002  2.6627000e-001  6.2709100e-001
  2.6800500e-001 -2.2725300e-001 -9.3623100e-001 -4.8266400e-001  2.4145000e-002  9.7306100e-001 -2.2928100e-001 -1.0221000e-001  9.6311500e-001  3.8843000e-002  2.6627200e-001  6.2709200e-001
  2.6800600e-001 -2.2725500e-001 -9.3623100e-001 -4.8266300e-001  2.4145000e-002  9.7306000e-001 -2.2928300e-001 -1.0221100e-001  9.6311500e-001  3.8844000e-002  2.6627300e-001  6.2709300e-001
  2.6800700e-001 -2.2725900e-001 -9.3622900e-001 -4.8266200e-001  2.4147000e-002  9.7305900e-001 -2.2928700e-001 -1.0221300e-001  9.6311400e-001  3.8844000e-002  2.6627500e-001  6.2709300e-001
  2.6801300e-001 -2.2726400e-001 -9.3622700e-001 -4.8266000e-001  2.4146000e-002  9.7305800e-001 -2.2929300e-001 -1.0221500e-001  9.6311300e-001  3.8847000e-002  2.6627900e-001  6.2709600e-001
  2.6802100e-001 -2.2726900e-001 -9.3622300e-001 -4.8265700e-001  2.4146000e-002  9.7305700e-001 -2.2929800e-001 -1.0221800e-001  9.6311000e-001  3.8851000e-002  2.6628700e-001  6.2710000e-001
  2.6802700e-001 -2.2727000e-001 -9.3622100e-001 -4.8265500e-001  2.4145000e-002  9.7305600e-001 -2.2929900e-001 -1.0221900e-001  9.6310900e-001  3.8853000e-002  2.6629300e-001  6.2710300e-001
  2.6803200e-001 -2.2727200e-001 -9.3621900e-001 -4.8265300e-001  2.4146000e-002  9.7305600e-001 -2.2930100e-001 -1.0222100e-001  9.6310700e-001  3.8854000e-002  2.6629800e-001  6.2710500e-001
  2.6803500e-001 -2.2727400e-001 -9.3621800e-001 -4.8265200e-001  2.4147000e-002  9.7305500e-001 -2.2930400e-001 -1.0222200e-001  9.6310700e-001  3.8855000e-002  2.6630000e-001  6.2710600e-001
  2.6803300e-001 -2.2727800e-001 -9.3621700e-001 -4.8265200e-001  2.4148000e-002  9.7305400e-001 -2.2930700e-001 -1.0222400e-001  9.6310700e-001  3.8854000e-002  2.6629900e-001  6.2710600e-001
  2.6803300e-001 -2.2728100e-001 -9.3621700e-001 -4.8265200e-001  2.4149000e-002  9.7305400e-001 -2.2931000e-001 -1.0222500e-001  9.6310700e-001  3.8854000e-002  2.6630000e-001  6.2710600e-001
  2.6803300e-001 -2.2728400e-001 -9.3621600e-001 -4.8265100e-001  2.4150000e-002  9.7305300e-001 -2.2931300e-001 -1.0222600e-001  9.6310700e-001  3.8854000e-002  2.6629900e-001  6.2710600e-001
  2.6803600e-001 -2.2728700e-001 -9.3621500e-001 -4.8265000e-001  2.4151000e-002  9.7305200e-001 -2.2931600e-001 -1.0222800e-001  9.6310600e-001  3.8854000e-002  2.6630200e-001  6.2710700e-001
  2.6803600e-001 -2.2728900e-001 -9.3621400e-001 -4.8265000e-001  2.4152000e-002  9.7305200e-001 -2.2931800e-001 -1.0222900e-001  9.6310600e-001  3.8854000e-002  2.6630200e-001  6.2710700e-001
  2.6803400e-001 -2.2729200e-001 -9.3621400e-001 -4.8265000e-001  2.4153000e-002  9.7305100e-001 -2.2932000e-001 -1.0223000e-001  9.6310700e-001  3.8854000e-002  2.6630100e-001  6.2710700e-001
  2.6803400e-001 -2.2729400e-001 -9.3621300e-001 -4.8265000e-001  2.4154000e-002  9.7305100e-001 -2.2932300e-001 -1.0223100e-001  9.6310700e-001  3.8853000e-002  2.6630100e-001  6.2710700e-001
  2.6803600e-001 -2.2729600e-001 -9.3621200e-001 -4.8264900e-001  2.4152000e-002  9.7305000e-001 -2.2932500e-001 -1.0223200e-001  9.6310600e-001  3.8856000e-002  2.6630200e-001  6.2710700e-001
  2.6803500e-001 -2.2729800e-001 -9.3621200e-001 -4.8264900e-001  2.4153000e-002  9.7305000e-001 -2.2932700e-001 -1.0223300e-001  9.6310600e-001  3.8856000e-002  2.6630100e-001  6.2710700e-001
  2.6803700e-001 -2.2730000e-001 -9.3621100e-001 -4.8264800e-001  2.4153000e-002  9.7304900e-001 -2.2932800e-001 -1.0223400e-001  9.6310600e-001  3.8856000e-002  2.6630300e-001  6.2710800e-001
  2.6803700e-001 -2.2730100e-001 -9.3621100e-001 -4.8264800e-001  2.4153000e-002  9.7304900e-001 -2.2933000e-001 -1.0223400e-001  9.6310600e-001  3.8856000e-002  2.6630300e-001  6.2710800e-001
  2.6803600e-001 -2.2730200e-001 -9.3621100e-001 -4.8264800e-001  2.4154000e-002  9.7304900e-001 -2.2933100e-001 -1.0223500e-001  9.6310600e-001  3.8856000e-002  2.6630200e-001  6.2710700e-001
  2.6803600e-001 -2.2730600e-001 -9.3621000e-001 -4.8264800e-001  2.4155000e-002  9.7304800e-001 -2.2933400e-001 -1.0223700e-001  9.6310600e-001  3.8855000e-002  2.6630200e-001  6.2710700e-001
  2.6803700e-001 -2.2730700e-001 -9.3620900e-001 -4.8264700e-001  2.4156000e-002  9.7304800e-001 -2.2933600e-001 -1.0223700e-001  9.6310600e-001  3.8856000e-002  2.6630400e-001  6.2710800e-001
  2.6803800e-001 -2.2730800e-001 -9.3620900e-001 -4.8264700e-001  2.4156000e-002  9.7304700e-001 -2.2933600e-001 -1.0223800e-001  9.6310500e-001  3.8856000e-002  2.6630500e-001  6.2710900e-001
  2.6803800e-001 -2.2730800e-001 -9.3620900e-001 -4.8264700e-001  2.4156000e-002  9.7304700e-001 -2.2933600e-001 -1.0223800e-001  9.6310500e-001  3.8856000e-002  2.6630500e-001  6.2710900e-001
  2.6803800e-001 -2.2730900e-001 -9.3620800e-001 -4.8264700e-001  2.4157000e-002  9.7304700e-001 -2.2933800e-001 -1.0223800e-001  9.6310500e-001  3.8855000e-002  2.6630500e-001  6.2710900e-001
  2.6803800e-001 -2.2730900e-001 -9.3620800e-001 -4.8264700e-001  2.4156000e-002  9.7304700e-001 -2.2933800e-001 -1.0223800e-001  9.6310500e-001  3.8856000e-002  2.6630500e-001  6.2710900e-001
  2.6803800e-001 -2.2731100e-001 -9.3620800e-001 -4.8264600e-001  2.4157000e-002  9.7304700e-001 -2.2933900e-001 -1.0223900e-001  9.6310500e-001  3.8856000e-002  2.6630500e-001  6.2710900e-001
  2.6803800e-001 -2.2731200e-001 -9.3620800e-001 -4.8264600e-001  2.4157000e-002  9.7304700e-001 -2.2934000e-001 -1.0224000e-001  9.6310500e-001  3.8856000e-002  2.6630500e-001  6.2710900e-001
  2.6803900e-001 -2.2731400e-001 -9.3620700e-001 -4.8264600e-001  2.4158000e-002  9.7304600e-001 -2.2934300e-001 -1.0224100e-001  9.6310500e-001  3.8856000e-002  2.6630600e-001  6.2710900e-001
  2.6804100e-001 -2.2731500e-001 -9.3620600e-001 -4.8264600e-001  2.4159000e-002  9.7304600e-001 -2.2934300e-001 -1.0224100e-001  9.6310500e-001  3.8856000e-002  2.6630800e-001  6.2711000e-001
  2.6804200e-001 -2.2731800e-001 -9.3620500e-001 -4.8264500e-001  2.4158000e-002  9.7304500e-001 -2.2934700e-001 -1.0224300e-001  9.6310400e-001  3.8858000e-002  2.6630900e-001  6.2711100e-001
  2.6804200e-001 -2.2732000e-001 -9.3620500e-001 -4.8264500e-001  2.4158000e-002  9.7304500e-001 -2.2934800e-001 -1.0224300e-001  9.6310400e-001  3.8858000e-002  2.6630900e-001  6.2711100e-001
  2.6804200e-001 -2.2731900e-001 -9.3620500e-001 -4.8264500e-001  2.4160000e-002  9.7304500e-001 -2.2934700e-001 -1.0224300e-001  9.6310400e-001  3.8856000e-002  2.6630900e-001  6.2711100e-001
  2.6804100e-001 -2.2732100e-001 -9.3620500e-001 -4.8264500e-001  2.4158000e-002  9.7304400e-001 -2.2934900e-001 -1.0224400e-001  9.6310500e-001  3.8858000e-002  2.6630800e-001  6.2711000e-001
  2.6804200e-001 -2.2732100e-001 -9.3620400e-001 -4.8264400e-001  2.4158000e-002  9.7304400e-001 -2.2934900e-001 -1.0224400e-001  9.6310400e-001  3.8858000e-002  2.6630900e-001  6.2711100e-001
  2.6804400e-001 -2.2732200e-001 -9.3620400e-001 -4.8264400e-001  2.4159000e-002  9.7304400e-001 -2.2935000e-001 -1.0224400e-001  9.6310400e-001  3.8858000e-002  2.6631000e-001  6.2711100e-001
  2.6804200e-001 -2.2732300e-001 -9.3620400e-001 -4.8264400e-001  2.4159000e-002  9.7304400e-001 -2.2935200e-001 -1.0224500e-001  9.6310400e-001  3.8858000e-002  2.6630900e-001  6.2711100e-001
  2.6804200e-001 -2.2732200e-001 -9.3620400e-001 -4.8264400e-001  2.4159000e-002  9.7304400e-001 -2.2935100e-001 -1.0224400e-001  9.6310400e-001  3.8858000e-002  2.6630900e-001  6.2711100e-001
  2.6804200e-001 -2.2732200e-001 -9.3620400e-001 -4.8264400e-001  2.4159000e-002  9.7304400e-001 -2.2935100e-001 -1.0224400e-001  9.6310400e-001  3.8858000e-002  2.6630900e-001  6.2711100e-001
  2.6804200e-001 -2.2732100e-001 -9.3620400e-001 -4.8264400e-001  2.4158000e-002  9.7304400e-001 -2.2934900e-001 -1.0224400e-001  9.6310400e-001  3.8858000e-002  2.6630900e-001  6.2711100e-001
  2.6804400e-001 -2.2732100e-001 -9.3620400e-001 -4.8264400e-001  2.4158000e-002  9.7304400e-001 -2.2934900e-001 -1.0224400e-001  9.6310400e-001  3.8858000e-002  2.6631000e-001  6.2711100e-001
  2.6804200e-001 -2.2732100e-001 -9.3620400e-001 -4.8264400e-001  2.4158000e-002  9.7304400e-001 -2.2934900e-001 -1.0224400e-001  9.6310400e-001  3.8858000e-002  2.6630900e-001  6.2711100e-001
  2.6804200e-001 -2.2732100e-001 -9.3620400e-001 -4.8264400e-001  2.4158000e-002  9.7304400e-001 -2.2934900e-001 -1.0224400e-001  9.6310400e-001  3.8858000e-002  2.6630900e-001  6.2711100e-001
  2.6804300e-001 -2.2732100e-001 -9.3620400e-001 -4.8264400e-001  2.4158000e-002  9.7304400e-001 -2.2934900e-001 -1.0224400e-001  9.6310400e-001  3.8859000e-002  2.6631000e-001  6.2711100e-001
  2.6804500e-001 -2.2731900e-001 -9.3620400e-001 -4.8264400e-001  2.4158000e-002  9.7304500e-001 -2.2934800e-001 -1.0224300e-001  9.6310300e-001  3.8859000e-002  2.6631100e-001  6.2711200e-001
  2.6804400e-001 -2.2731700e-001 -9.3620500e-001 -4.8264400e-001  2.4157000e-002  9.7304500e-001 -2.2934600e-001 -1.0224200e-001  9.6310400e-001  3.8859000e-002  2.6631000e-001  6.2711100e-001
  2.6804200e-001 -2.2731600e-001 -9.3620600e-001 -4.8264500e-001  2.4157000e-002  9.7304500e-001 -2.2934500e-001 -1.0224100e-001  9.6310400e-001  3.8859000e-002  2.6630900e-001  6.2711100e-001
  2.6804200e-001 -2.2731500e-001 -9.3620600e-001 -4.8264500e-001  2.4156000e-002  9.7304600e-001 -2.2934300e-001 -1.0224100e-001  9.6310400e-001  3.8859000e-002  2.6630900e-001  6.2711100e-001
  2.6804200e-001 -2.2731300e-001 -9.3620600e-001 -4.8264500e-001  2.4156000e-002  9.7304600e-001 -2.2934200e-001 -1.0224000e-001  9.6310400e-001  3.8859000e-002  2.6630900e-001  6.2711100e-001
  2.6804100e-001 -2.2731100e-001 -9.3620700e-001 -4.8264600e-001  2.4155000e-002  9.7304700e-001 -2.2934000e-001 -1.0223900e-001  9.6310500e-001  3.8858000e-002  2.6630700e-001  6.2711000e-001
  2.6804000e-001 -2.2731000e-001 -9.3620800e-001 -4.8264600e-001  2.4155000e-002  9.7304700e-001 -2.2933900e-001 -1.0223800e-001  9.6310500e-001  3.8858000e-002  2.6630600e-001  6.2710900e-001
  2.6803900e-001 -2.2730700e-001 -9.3620900e-001 -4.8264700e-001  2.4154000e-002  9.7304700e-001 -2.2933600e-001 -1.0223700e-001  9.6310500e-001  3.8858000e-002  2.6630500e-001  6.2710900e-001
  2.6803800e-001 -2.2730300e-001 -9.3621000e-001 -4.8264800e-001  2.4153000e-002  9.7304900e-001 -2.2933200e-001 -1.0223500e-001  9.6310600e-001  3.8857000e-002  2.6630400e-001  6.2710800e-001
  2.6803500e-001 -2.2729600e-001 -9.3621200e-001 -4.8264900e-001  2.4151000e-002  9.7305000e-001 -2.2932600e-001 -1.0223200e-001  9.6310600e-001  3.8857000e-002  2.6630100e-001  6.2710700e-001
  2.6802800e-001 -2.2727900e-001 -9.3621800e-001 -4.8265400e-001  2.4147000e-002  9.7305400e-001 -2.2930900e-001 -1.0222300e-001  9.6310800e-001  3.8854000e-002  2.6629400e-001  6.2710300e-001
  2.6802400e-001 -2.2721900e-001 -9.3623400e-001 -4.8266200e-001  2.4131000e-002  9.7306800e-001 -2.2925100e-001 -1.0219300e-001  9.6311000e-001  3.8852000e-002  2.6628900e-001  6.2710100e-001
  2.6801900e-001 -2.2706400e-001 -9.3627300e-001 -4.8268000e-001  2.4079000e-002  9.7310400e-001 -2.2910400e-001 -1.0211900e-001  9.6311300e-001  3.8859000e-002  2.6627800e-001  6.2709600e-001
  2.6801400e-001 -2.2675600e-001 -9.3634900e-001 -4.8271600e-001  2.3985000e-002  9.7317600e-001 -2.2880900e-001 -1.0196900e-001  9.6311600e-001  3.8866000e-002  2.6626400e-001  6.2708900e-001
  2.6799800e-001 -2.2622500e-001 -9.3648200e-001 -4.8278100e-001  2.3818000e-002  9.7329900e-001 -2.2830300e-001 -1.0171100e-001  9.6312500e-001  3.8879000e-002  2.6623000e-001  6.2707300e-001
  2.6797400e-001 -2.2542400e-001 -9.3668300e-001 -4.8287700e-001  2.3562000e-002  9.7348400e-001 -2.2754000e-001 -1.0132500e-001  9.6313800e-001  3.8905000e-002  2.6617900e-001  6.2704900e-001
  2.6794300e-001 -2.2431300e-001 -9.3695800e-001 -4.8300900e-001  2.3198000e-002  9.7373800e-001 -2.2648500e-001 -1.0079100e-001  9.6315500e-001  3.8950000e-002  2.6611000e-001  6.2701700e-001
  2.6789300e-001 -2.2284600e-001 -9.3732200e-001 -4.8318500e-001  2.2728000e-002  9.7407300e-001 -2.2508800e-001 -1.0008300e-001  9.6318000e-001  3.8996000e-002  2.6601300e-001  6.2697100e-001
  2.6781600e-001 -2.2106800e-001 -9.3776500e-001 -4.8340000e-001  2.2155000e-002  9.7447600e-001 -2.2339500e-001 -9.9225000e-002  9.6321500e-001  3.9053000e-002  2.6587800e-001  6.2690800e-001
  2.6765000e-001 -2.1889900e-001 -9.3832100e-001 -4.8368500e-001  2.1464000e-002  9.7496400e-001 -2.2132500e-001 -9.8175000e-002  9.6327700e-001  3.9098000e-002  2.6564800e-001  6.2679600e-001
  2.6735600e-001 -2.1643900e-001 -9.3897500e-001 -4.8403700e-001  2.0697000e-002  9.7551300e-001 -2.1896800e-001 -9.6975000e-002  9.6337500e-001  3.9109000e-002  2.6528900e-001  6.2662100e-001
  2.6688400e-001 -2.1371400e-001 -9.3973300e-001 -4.8446900e-001  1.9874000e-002  9.7611500e-001 -2.1634400e-001 -9.5633000e-002  9.6352400e-001  3.9062000e-002  2.6475700e-001  6.2635800e-001
  2.6624900e-001 -2.1067200e-001 -9.4060000e-001 -4.8498800e-001  1.8976000e-002  9.7678000e-001 -2.1340400e-001 -9.4128000e-002  9.6371800e-001  3.8970000e-002  2.6406400e-001  6.2601100e-001
  2.6541100e-001 -2.0739900e-001 -9.4156400e-001 -4.8558700e-001  1.8034000e-002  9.7748600e-001 -2.1022800e-001 -9.2497000e-002  9.6396700e-001  3.8816000e-002  2.6317600e-001  6.2556600e-001
  2.6430300e-001 -2.0382800e-001 -9.4265500e-001 -4.8629400e-001  1.7044000e-002  9.7824600e-001 -2.0674500e-001 -9.0701000e-002  9.6428900e-001  3.8577000e-002  2.6202800e-001  6.2499100e-001
  2.6304700e-001 -2.0008800e-001 -9.4380700e-001 -4.8706200e-001  1.6030000e-002  9.7902900e-001 -2.0308800e-001 -8.8812000e-002  9.6465000e-001  3.8292000e-002  2.6073800e-001  6.2433700e-001
  2.6148200e-001 -1.9619200e-001 -9.4505900e-001 -4.8793700e-001  1.5026000e-002  9.7983300e-001 -1.9925300e-001 -8.6822000e-002  9.6509200e-001  3.7900000e-002  2.5915600e-001  6.2352900e-001
  2.5978700e-001 -1.9216700e-001 -9.4635200e-001 -4.8885300e-001  1.4002000e-002  9.8064600e-001 -1.9528700e-001 -8.4761000e-002  9.6556400e-001  3.7482000e-002  2.5745000e-001  6.2265800e-001
  2.5776900e-001 -1.8799000e-001 -9.4774200e-001 -4.8987200e-001  1.2991000e-002  9.8147500e-001 -1.9114700e-001 -8.2600000e-002  9.6611900e-001  3.6960000e-002  2.5543600e-001  6.2163200e-001
  2.5562200e-001 -1.8381600e-001 -9.4914100e-001 -4.9092700e-001  1.2019000e-002  9.8228700e-001 -1.8699800e-001 -8.0429000e-002  9.6670200e-001  3.6393000e-002  2.5330300e-001  6.2053300e-001
  2.5318600e-001 -1.7951500e-001 -9.5061600e-001 -4.9207200e-001  1.1067000e-002  9.8310600e-001 -1.8270300e-001 -7.8173000e-002  9.6735400e-001  3.5737000e-002  2.5089600e-001  6.1929200e-001
  2.5056100e-001 -1.7519100e-001 -9.5211700e-001 -4.9325400e-001  1.0145000e-002  9.8391100e-001 -1.7837100e-001 -7.5892000e-002  9.6804800e-001  3.5033000e-002  2.4830700e-001  6.1796800e-001
  2.4771800e-001 -1.7072100e-001 -9.5367200e-001 -4.9450700e-001  9.2360000e-003  9.8472400e-001 -1.7388000e-001 -7.3521000e-002  9.6878800e-001  3.4265000e-002  2.4551100e-001  6.1652400e-001
  2.4468300e-001 -1.6605900e-001 -9.5527700e-001 -4.9582000e-001  8.3070000e-003  9.8554800e-001 -1.6919300e-001 -7.1042000e-002  9.6956700e-001  3.3463000e-002  2.4252700e-001  6.1497700e-001
  2.4146900e-001 -1.6133400e-001 -9.5690300e-001 -4.9717400e-001  7.4160000e-003  9.8636100e-001 -1.6442900e-001 -6.8516000e-002  9.7038000e-001  3.2609000e-002  2.3937200e-001  6.1334100e-001
  2.3800500e-001 -1.5653800e-001 -9.5856600e-001 -4.9858400e-001  6.5510000e-003  9.8716300e-001 -1.5958200e-001 -6.5937000e-002  9.7124200e-001  3.1702000e-002  2.3597500e-001  6.1158400e-001
  2.3440100e-001 -1.5171000e-001 -9.6022900e-001 -5.0001900e-001  5.7200000e-003  9.8794600e-001 -1.5469300e-001 -6.3329000e-002  9.7212300e-001  3.0767000e-002  2.3244400e-001  6.0975300e-001
  2.3054500e-001 -1.4681000e-001 -9.6192300e-001 -5.0150900e-001  4.9420000e-003  9.8871700e-001 -1.4971500e-001 -6.0668000e-002  9.7304900e-001  2.9762000e-002  2.2866900e-001  6.0780200e-001
  2.2663600e-001 -1.4183300e-001 -9.6359700e-001 -5.0300300e-001  4.1680000e-003  9.8947300e-001 -1.4466100e-001 -5.7964000e-002  9.7397100e-001  2.8769000e-002  2.2484100e-001  6.0581000e-001
  2.2251300e-001 -1.3674500e-001 -9.6529200e-001 -5.0454400e-001  3.4350000e-003  9.9021800e-001 -1.3948400e-001 -5.5187000e-002  9.7492400e-001  2.7721000e-002  2.2080600e-001  6.0370500e-001
  2.1823500e-001 -1.3159100e-001 -9.6698400e-001 -5.0610500e-001  2.7370000e-003  9.9094600e-001 -1.3423400e-001 -5.2369000e-002  9.7589200e-001  2.6648000e-002  2.1661900e-001  6.0152100e-001
  2.1377200e-001 -1.2648400e-001 -9.6866100e-001 -5.0768900e-001  2.1090000e-003  9.9164000e-001 -1.2901900e-001 -4.9558000e-002  9.7688100e-001  2.5538000e-002  2.1225100e-001  5.9924000e-001
  2.0918400e-001 -1.2146000e-001 -9.7030400e-001 -5.0928200e-001  1.5560000e-003  9.9229600e-001 -1.2387700e-001 -4.6777000e-002  9.7787500e-001  2.4404000e-002  2.0776100e-001  5.9688700e-001
  2.0449900e-001 -1.1641300e-001 -9.7192000e-001 -5.1087100e-001  1.0830000e-003  9.9292900e-001 -1.1870200e-001 -4.3983000e-002  9.7886600e-001  2.3222000e-002  2.0317900e-001  5.9448800e-001
  1.9962800e-001 -1.1130600e-001 -9.7353000e-001 -5.1249100e-001  6.4700000e-004  9.9354200e-001 -1.1346100e-001 -4.1145000e-002  9.7987200e-001  2.2020000e-002  1.9841100e-001  5.9198200e-001
  1.9464800e-001 -1.0625000e-001 -9.7510200e-001 -5.1412000e-001  2.6200000e-004  9.9412100e-001 -1.0827100e-001 -3.8319000e-002  9.8087300e-001  2.0820000e-002  1.9353200e-001  5.8940200e-001
  1.8951800e-001 -1.0110900e-001 -9.7665700e-001 -5.1575700e-001 -9.3000000e-005  9.9468200e-001 -1.0299400e-001 -3.5442000e-002  9.8187700e-001  1.9610000e-002  1.8850100e-001  5.8674500e-001
  1.8433700e-001 -9.6010000e-002 -9.7816200e-001 -5.1737300e-001 -4.1800000e-004  9.9521000e-001 -9.7762000e-002 -3.2583000e-002  9.8286300e-001  1.8430000e-002  1.8341400e-001  5.8406200e-001
  1.7900100e-001 -9.0941000e-002 -9.7963700e-001 -5.1900200e-001 -6.6100000e-004  9.9570700e-001 -9.2554000e-002 -2.9725000e-002  9.8384900e-001  1.7215000e-002  1.7817300e-001  5.8128600e-001
  1.7351300e-001 -8.6068000e-002 -9.8106300e-001 -5.2063600e-001 -7.8300000e-004  9.9616100e-001 -8.7531000e-002 -2.6957000e-002  9.8483100e-001  1.5956000e-002  1.7278000e-001  5.7842500e-001
  1.6796900e-001 -8.1222000e-002 -9.8244100e-001 -5.2225500e-001 -8.4100000e-004  9.9658800e-001 -8.2535000e-002 -2.4201000e-002  9.8579200e-001  1.4689000e-002  1.6732700e-001  5.7552400e-001
  1.6235200e-001 -7.6276000e-002 -9.8378000e-001 -5.2386000e-001 -8.8800000e-004  9.9699600e-001 -7.7447000e-002 -2.1395000e-002  9.8673200e-001  1.3448000e-002  1.6179700e-001  5.7258200e-001
  1.5649200e-001 -7.1321000e-002 -9.8510100e-001 -5.2548100e-001 -8.3400000e-004  9.9737900e-001 -7.2343000e-002 -1.8574000e-002  9.8767900e-001  1.2142000e-002  1.5602300e-001  5.6952900e-001
  1.5057300e-001 -6.6437000e-002 -9.8636400e-001 -5.2709700e-001 -7.6200000e-004  9.9773100e-001 -6.7319000e-002 -1.5779000e-002  9.8859900e-001  1.0888000e-002  1.5018100e-001  5.6641900e-001
  1.4468800e-001 -6.1504000e-002 -9.8756400e-001 -5.2867100e-001 -6.8600000e-004  9.9806000e-001 -6.2258000e-002 -1.2960000e-002  9.8947700e-001  9.6850000e-003  1.4436500e-001  5.6331100e-001
  1.3858900e-001 -5.6455000e-002 -9.8874000e-001 -5.3025800e-001 -5.1400000e-004  9.9837000e-001 -5.7077000e-002 -1.0086000e-002  9.9035000e-001  8.4180000e-003  1.3833400e-001  5.6008900e-001
  1.3235600e-001 -5.1565000e-002 -9.8986000e-001 -5.3184100e-001 -2.1800000e-004  9.9864400e-001 -5.2052000e-002 -7.2840000e-003  9.9120200e-001  7.1060000e-003  1.3216500e-001  5.5679200e-001
  1.2620200e-001 -4.6668000e-002 -9.9090600e-001 -5.3338000e-001  5.1000000e-005  9.9889300e-001 -4.7038000e-002 -4.4780000e-003  9.9200500e-001  5.8850000e-003  1.2606400e-001  5.5350800e-001
  1.1982900e-001 -4.1621000e-002 -9.9192200e-001 -5.3492700e-001  3.9200000e-004  9.9912300e-001 -4.1876000e-002 -1.5930000e-003  9.9279500e-001  4.6290000e-003  1.1974000e-001  5.5011800e-001
  1.1328500e-001 -3.6684000e-002 -9.9288500e-001 -5.3647200e-001  8.3800000e-004  9.9932100e-001 -3.6826000e-002  1.2380000e-003  9.9356200e-001  3.3400000e-003  1.1323800e-001  5.4663800e-001
  1.0681200e-001 -3.1722000e-002 -9.9377300e-001 -5.3797900e-001  1.3500000e-003  9.9949500e-001 -3.1760000e-002  4.0780000e-003  9.9427800e-001  2.0510000e-003  1.0680100e-001  5.4315500e-001
  1.0017200e-001 -2.6696000e-002 -9.9461200e-001 -5.3947300e-001  1.9260000e-003  9.9964300e-001 -2.6637000e-002  6.9390000e-003  9.9496800e-001  7.5200000e-004  1.0018700e-001  5.3959300e-001
  9.3310000e-002 -2.1733000e-002 -9.9540000e-001 -5.4097100e-001  2.7860000e-003  9.9976300e-001 -2.1568000e-002  9.7460000e-003  9.9563300e-001 -7.6100000e-004  9.3348000e-002  5.3591900e-001
  8.6522000e-002 -1.6682000e-002 -9.9611000e-001 -5.4242400e-001  3.7900000e-003  9.9985800e-001 -1.6416000e-002  1.2559000e-002  9.9624300e-001 -2.3550000e-003  8.6573000e-002  5.3226000e-001
  7.9406000e-002 -1.1365000e-002 -9.9677800e-001 -5.4387100e-001  5.0720000e-003  9.9992700e-001 -1.0997000e-002  1.5454000e-002  9.9682900e-001 -4.1820000e-003  7.9458000e-002  5.2848200e-001
  7.2024000e-002 -6.0300000e-003 -9.9738500e-001 -5.4530900e-001  6.7530000e-003  9.9996200e-001 -5.5570000e-003  1.8298000e-002  9.9738000e-001 -6.3350000e-003  7.2062000e-002  5.2460600e-001
  6.4811000e-002 -5.8700000e-004 -9.9789700e-001 -5.4669600e-001  8.4910000e-003  9.9996400e-001 -3.7000000e-005  2.1176000e-002  9.9786100e-001 -8.4710000e-003  6.4814000e-002  5.2075400e-001
  5.7166000e-002  4.8690000e-003 -9.9835300e-001 -5.4807700e-001  1.0400000e-002  9.9993100e-001  5.4720000e-003  2.4032000e-002  9.9831100e-001 -1.0696000e-002  5.7111000e-002  5.1677100e-001
  4.8737000e-002  1.0122000e-002 -9.9876000e-001 -5.4944800e-001  1.2658000e-002  9.9986200e-001  1.0750000e-002  2.6739000e-002  9.9873100e-001 -1.3167000e-002  4.8602000e-002  5.1268900e-001
  4.0594000e-002  1.5564000e-002 -9.9905400e-001 -5.5075400e-001  1.5432000e-002  9.9975000e-001  1.6202000e-002  2.9495000e-002  9.9905700e-001 -1.6075000e-002  4.0344000e-002  5.0861700e-001
  3.2588000e-002  2.0941000e-002 -9.9924900e-001 -5.5207300e-001  1.8332000e-002  9.9960000e-001  2.1546000e-002  3.2199000e-002  9.9930100e-001 -1.9020000e-002  3.2191000e-002  5.0442500e-001
  2.4929000e-002  2.6216000e-002 -9.9934500e-001 -5.5336600e-001  2.1010000e-002  9.9942200e-001  2.6742000e-002  3.4829000e-002  9.9946800e-001 -2.1663000e-002  2.4364000e-002  5.0021900e-001
  1.7410000e-002  3.1488000e-002 -9.9935300e-001 -5.5461100e-001  2.3504000e-002  9.9921500e-001  3.1893000e-002  3.7487000e-002  9.9957200e-001 -2.4044000e-002  1.6656000e-002  4.9599300e-001
  9.7150000e-003  3.6460000e-002 -9.9928800e-001 -5.5586100e-001  2.5884000e-002  9.9899100e-001  3.6700000e-002  3.9979000e-002  9.9961800e-001 -2.6222000e-002  8.7610000e-003  4.9164700e-001
  2.1320000e-003  4.1437000e-002 -9.9913900e-001 -5.5706100e-001  2.8224000e-002  9.9874100e-001  4.1481000e-002  4.2507000e-002  9.9959900e-001 -2.8288000e-002  9.5900000e-004  4.8732900e-001
 -5.6770000e-003  4.6452000e-002 -9.9890400e-001 -5.5824000e-001  3.0826000e-002  9.9845400e-001  4.6255000e-002  4.5031000e-002  9.9950900e-001 -3.0529000e-002 -7.1000000e-003  4.8288600e-001
 -1.3521000e-002  5.1331000e-002 -9.9859000e-001 -5.5940300e-001  3.3786000e-002  9.9813500e-001  5.0850000e-002  4.7432000e-002  9.9933800e-001 -3.3051000e-002 -1.5230000e-002  4.7838600e-001
 -2.1379000e-002  5.6569000e-002 -9.9817000e-001 -5.6050500e-001  3.7133000e-002  9.9775400e-001  5.5750000e-002  4.9973000e-002  9.9908200e-001 -3.5873000e-002 -2.3432000e-002  4.7385900e-001
 -2.9371000e-002  6.1504000e-002 -9.9767500e-001 -5.6160700e-001  4.0466000e-002  9.9736000e-001  6.0294000e-002  5.2356000e-002  9.9874900e-001 -3.8601000e-002 -3.1782000e-002  4.6921400e-001
 -3.7184000e-002  6.6506000e-002 -9.9709300e-001 -5.6265300e-001  4.3973000e-002  9.9692500e-001  6.4855000e-002  5.4772000e-002  9.9834000e-001 -4.1433000e-002 -3.9994000e-002  4.6461500e-001
 -4.5206000e-002  7.1593000e-002 -9.9640900e-001 -5.6366700e-001  4.7745000e-002  9.9644400e-001  6.9430000e-002  5.7209000e-002  9.9783600e-001 -4.4435000e-002 -4.8463000e-002  4.5989700e-001
 -5.3209000e-002  7.6439000e-002 -9.9565300e-001 -5.6465600e-001  5.1325000e-002  9.9595700e-001  7.3720000e-002  5.9492000e-002  9.9726300e-001 -4.7179000e-002 -5.6917000e-002  4.5515900e-001
 -6.1214000e-002  8.1386000e-002 -9.9480100e-001 -5.6558100e-001  5.5201000e-002  9.9542100e-001  7.8040000e-002  6.1876000e-002  9.9659700e-001 -5.0137000e-002 -6.5426000e-002  4.5040100e-001
 -6.9309000e-002  8.6080000e-002 -9.9387400e-001 -5.6649100e-001  5.9212000e-002  9.9486900e-001  8.2037000e-002  6.4125000e-002  9.9583600e-001 -5.3163000e-002 -7.4050000e-002  4.4556700e-001
 -7.7243000e-002  9.0891000e-002 -9.9286100e-001 -5.6733300e-001  6.3170000e-002  9.9428100e-001  8.6106000e-002  6.6439000e-002  9.9500900e-001 -5.6068000e-002 -8.2543000e-002  4.4078800e-001
 -8.5388000e-002  9.5673000e-002 -9.9174400e-001 -5.6814600e-001  6.8302000e-002  9.9359900e-001  8.9971000e-002  6.8709000e-002  9.9400400e-001 -6.0056000e-002 -9.1376000e-002  4.3590100e-001
 -9.3541000e-002  1.0025300e-001 -9.9055500e-001 -5.6891500e-001  7.3542000e-002  9.9289500e-001  9.3545000e-002  7.0867000e-002  9.9289600e-001 -6.4097000e-002 -1.0024900e-001  4.3107100e-001
 -1.0123200e-001  1.0492100e-001 -9.8931500e-001 -5.6962400e-001  7.9176000e-002  9.9211900e-001  9.7117000e-002  7.3091000e-002  9.9170700e-001 -6.8498000e-002 -1.0874100e-001  4.2622300e-001
 -1.0885600e-001  1.0921500e-001 -9.8804000e-001 -5.7032300e-001  8.4239000e-002  9.9138400e-001  1.0030400e-001  7.5135000e-002  9.9048200e-001 -7.2313000e-002 -1.1711800e-001  4.2138200e-001
 -1.1641600e-001  1.1371000e-001 -9.8667000e-001 -5.7093200e-001  8.8815000e-002  9.9063700e-001  1.0368800e-001  7.7380000e-002  9.8922200e-001 -7.5560000e-002 -1.2542500e-001  4.1657500e-001
 -1.2401300e-001  1.1783200e-001 -9.8526000e-001 -5.7152900e-001  9.3032000e-002  9.8993100e-001  1.0668100e-001  7.9433000e-002  9.8791000e-001 -7.8430000e-002 -1.3372700e-001  4.1173400e-001
 -1.3142700e-001  1.2214800e-001 -9.8377200e-001 -5.7205200e-001  9.7320000e-002  9.8917600e-001  1.0981800e-001  8.1583000e-002  9.8653700e-001 -8.1308000e-002 -1.4189200e-001  4.0696700e-001
 -1.3877900e-001  1.2669000e-001 -9.8218600e-001 -5.7253000e-001  1.0252600e-001  9.8829200e-001  1.1299100e-001  8.3749000e-002  9.8500200e-001 -8.5019000e-002 -1.5014300e-001  4.0214200e-001
 -1.4597000e-001  1.3100000e-001 -9.8057700e-001 -5.7297100e-001  1.0752200e-001  9.8742300e-001  1.1590900e-001  8.5807000e-002  9.8342900e-001 -8.8514000e-002 -1.5822000e-001  3.9739000e-001
 -1.5295100e-001  1.3568500e-001 -9.7887500e-001 -5.7335100e-001  1.1378200e-001  9.8636000e-001  1.1894400e-001  8.7938000e-002  9.8166200e-001 -9.3185000e-002 -1.6630300e-001  3.9263200e-001
 -1.5991500e-001  1.3992300e-001 -9.7716400e-001 -5.7372700e-001  1.1960800e-001  9.8535600e-001  1.2152200e-001  8.9843000e-002  9.7985800e-001 -9.7444000e-002 -1.7430900e-001  3.8788400e-001
 -1.6677300e-001  1.4423700e-001 -9.7538800e-001 -5.7402700e-001  1.2512900e-001  9.8434000e-001  1.2416600e-001  9.1804000e-002  9.7802300e-001 -1.0134100e-001 -1.8221000e-001  3.8320600e-001
 -1.7365400e-001  1.4838100e-001 -9.7356400e-001 -5.7431300e-001  1.3049100e-001  9.8333400e-001  1.2659500e-001  9.3640000e-002  9.7612300e-001 -1.0505700e-001 -1.9012200e-001  3.7850000e-001
 -1.8030800e-001  1.5251200e-001 -9.7171400e-001 -5.7454300e-001  1.3580600e-001  9.8230500e-001  1.2897500e-001  9.5460000e-002  9.7419000e-001 -1.0871000e-001 -1.9783000e-001  3.7390400e-001
 -1.8685900e-001  1.5679600e-001 -9.6979300e-001 -5.7473900e-001  1.4172500e-001  9.8115600e-001  1.3132500e-001  9.7258000e-002  9.7211000e-001 -1.1290500e-001 -2.0555900e-001  3.6927300e-001
 -1.9329000e-001  1.6081700e-001 -9.6787200e-001 -5.7490900e-001  1.4716200e-001  9.8006800e-001  1.3345400e-001  9.8946000e-002  9.7004200e-001 -1.1663900e-001 -2.1310400e-001  3.6473000e-001
 -1.9946200e-001  1.6512900e-001 -9.6589200e-001 -5.7501600e-001  1.5348300e-001  9.7879800e-001  1.3564000e-001  1.0067400e-001  9.6781100e-001 -1.2119300e-001 -2.2057700e-001  3.6024000e-001
 -2.0562200e-001  1.6912700e-001 -9.6390600e-001 -5.7511600e-001  1.5926300e-001  9.7760600e-001  1.3755600e-001  1.0225600e-001  9.6558500e-001 -1.2523000e-001 -2.2795300e-001  3.5578100e-001
 -2.1163700e-001  1.7293600e-001 -9.6192700e-001 -5.7516800e-001  1.6425800e-001  9.7651500e-001  1.3942000e-001  1.0381100e-001  9.6344600e-001 -1.2849800e-001 -2.3507300e-001  3.5147300e-001
 -2.1766800e-001  1.7666700e-001 -9.5990100e-001 -5.7519500e-001  1.6895100e-001  9.7545500e-001  1.4121900e-001  1.0532000e-001  9.6128900e-001 -1.3143700e-001 -2.4217300e-001  3.4715900e-001
 -2.2343200e-001  1.8028000e-001 -9.5790200e-001 -5.7520200e-001  1.7343100e-001  9.7441800e-001  1.4293600e-001  1.0676200e-001  9.5916600e-001 -1.3419300e-001 -2.4898200e-001  3.4300300e-001
 -2.2890400e-001  1.8415100e-001 -9.5587200e-001 -5.7514700e-001  1.7843300e-001  9.7324400e-001  1.4476800e-001  1.0825700e-001  9.5695600e-001 -1.3742100e-001 -2.5563800e-001  3.3894300e-001
 -2.3417200e-001  1.8792400e-001 -9.5386000e-001 -5.7507800e-001  1.8337400e-001  9.7206700e-001  1.4649300e-001  1.0968200e-001  9.5474500e-001 -1.4060800e-001 -2.6209100e-001  3.3495900e-001
 -2.3909700e-001  1.9153300e-001 -9.5191800e-001 -5.7500600e-001  1.8810500e-001  9.7091700e-001  1.4810900e-001  1.1104600e-001  9.5260100e-001 -1.4364900e-001 -2.6817100e-001  3.3117300e-001
 -2.4372500e-001  1.9538100e-001 -9.4996000e-001 -5.7488700e-001  1.9329900e-001  9.6963200e-001  1.4983400e-001  1.1246800e-001  9.5038600e-001 -1.4710800e-001 -2.7409000e-001  3.2748600e-001
 -2.4810500e-001  1.9899900e-001 -9.4807400e-001 -5.7476000e-001  1.9797400e-001  9.6843400e-001  1.5146400e-001  1.1381800e-001  9.4828800e-001 -1.5011400e-001 -2.7967000e-001  3.2392100e-001
 -2.5185300e-001  2.0232200e-001 -9.4638000e-001 -5.7466800e-001  2.0175900e-001  9.6739200e-001  1.5312200e-001  1.1514100e-001  9.4650100e-001 -1.5237600e-001 -2.8446100e-001  3.2056100e-001
 -2.5473900e-001  2.0560900e-001 -9.4489900e-001 -5.7461600e-001  2.0541500e-001  9.6634000e-001  1.5489600e-001  1.1646300e-001  9.4494100e-001 -1.5463800e-001 -2.8839900e-001  3.1737900e-001
 -2.5685400e-001  2.0890700e-001 -9.4360100e-001 -5.7462100e-001  2.0910700e-001  9.6524300e-001  1.5677800e-001  1.1779000e-001  9.4355700e-001 -1.5704500e-001 -2.9161100e-001  3.1432200e-001
 -2.5868900e-001  2.1199700e-001 -9.4241000e-001 -5.7474300e-001  2.1246500e-001  9.6421500e-001  1.5858100e-001  1.1907400e-001  9.4230500e-001 -1.5920600e-001 -2.9447300e-001  3.1145700e-001
 -2.5980200e-001  2.1526400e-001 -9.4136300e-001 -5.7494700e-001  2.1617500e-001  9.6306100e-001  1.6056500e-001  1.2043800e-001  9.4115400e-001 -1.6178400e-001 -2.9674000e-001  3.0878400e-001
 -2.6116600e-001  2.1847300e-001 -9.4024600e-001 -5.7524800e-001  2.1984400e-001  9.6191500e-001  1.6244300e-001  1.2179500e-001  9.3992600e-001 -1.6428200e-001 -2.9924900e-001  3.0615200e-001
 -2.6247500e-001  2.2159200e-001 -9.3915100e-001 -5.7567100e-001  2.2361100e-001  9.6074900e-001  1.6419400e-001  1.2312900e-001  9.3867200e-001 -1.6690700e-001 -3.0172300e-001  3.0367400e-001
 -2.6375100e-001  2.2458700e-001 -9.3808100e-001 -5.7618900e-001  2.2721900e-001  9.5961600e-001  1.6585800e-001  1.2444400e-001  9.3744700e-001 -1.6940500e-001 -3.0413000e-001  3.0127900e-001
 -2.6472100e-001  2.2774500e-001 -9.3704600e-001 -5.7675900e-001  2.3113900e-001  9.5837100e-001  1.6763000e-001  1.2583600e-001  9.3621500e-001 -1.7221300e-001 -3.0634200e-001  2.9895000e-001
 -2.6544200e-001  2.3067300e-001 -9.3612500e-001 -5.7741000e-001  2.3457200e-001  9.5723200e-001  1.6936000e-001  1.2718900e-001  9.3515600e-001 -1.7463400e-001 -3.0819900e-001  2.9668800e-001
 -2.6618000e-001  2.3336000e-001 -9.3524900e-001 -5.7812900e-001  2.3752600e-001  9.5621300e-001  1.7098900e-001  1.2849700e-001  9.3420000e-001 -1.7663300e-001 -3.0995400e-001  2.9447900e-001
 -2.6715900e-001  2.3585300e-001 -9.3434400e-001 -5.7889700e-001  2.4032300e-001  9.5525800e-001  1.7241600e-001  1.2975100e-001  9.3320500e-001 -1.7848200e-001 -3.1188700e-001  2.9231600e-001
 -2.6826900e-001  2.3829400e-001 -9.3340700e-001 -5.7965800e-001  2.4308100e-001  9.5431500e-001  1.7376800e-001  1.3098500e-001  9.3217100e-001 -1.8027700e-001 -3.1393800e-001  2.9008500e-001
 -2.6949100e-001  2.4065100e-001 -9.3244900e-001 -5.8038300e-001  2.4581800e-001  9.5338600e-001  1.7501000e-001  1.3210800e-001  9.3110100e-001 -1.8204900e-001 -3.1608500e-001  2.8783300e-001
 -2.7080300e-001  2.4276700e-001 -9.3152000e-001 -5.8110500e-001  2.4827600e-001  9.5255300e-001  1.7607200e-001  1.3310800e-001  9.3006700e-001 -1.8359300e-001 -3.1822700e-001  2.8558300e-001
 -2.7220600e-001  2.4492200e-001 -9.3054700e-001 -5.8177700e-001  2.5070000e-001  9.5171700e-001  1.7715800e-001  1.3411300e-001  9.2900700e-001 -1.8506400e-001 -3.2046400e-001  2.8329400e-001
 -2.7371600e-001  2.4703000e-001 -9.2954600e-001 -5.8241300e-001  2.5322200e-001  9.5086700e-001  1.7813200e-001  1.3503600e-001  9.2787800e-001 -1.8662400e-001 -3.2282100e-001  2.8096800e-001
 -2.7538900e-001  2.4900600e-001 -9.2852400e-001 -5.8300200e-001  2.5559000e-001  9.5007400e-001  1.7898000e-001  1.3588000e-001  9.2673300e-001 -1.8803200e-001 -3.2528300e-001  2.7861700e-001
 -2.7711900e-001  2.5091900e-001 -9.2749400e-001 -5.8353800e-001  2.5817700e-001  9.4924500e-001  1.7966500e-001  1.3662800e-001  9.2550000e-001 -1.8966900e-001 -3.2783600e-001  2.7625300e-001
 -2.7920100e-001  2.5279700e-001 -9.2635900e-001 -5.8396500e-001  2.6067500e-001  9.4844900e-001  1.8025900e-001  1.3731700e-001  9.2417300e-001 -1.9115000e-001 -3.3070600e-001  2.7376100e-001
 -2.8162700e-001  2.5446100e-001 -9.2516800e-001 -5.8429300e-001  2.6290900e-001  9.4775900e-001  1.8064400e-001  1.3787400e-001  9.2280300e-001 -1.9236100e-001 -3.3381400e-001  2.7122100e-001
 -2.8408200e-001  2.5610100e-001 -9.2396400e-001 -5.8456800e-001  2.6535500e-001  9.4702700e-001  1.8090700e-001  1.3835500e-001  9.2134900e-001 -1.9378600e-001 -3.3699100e-001  2.6867800e-001
 -2.8657800e-001  2.5788100e-001 -9.2269800e-001 -5.8476200e-001  2.6820700e-001  9.4617800e-001  1.8114200e-001  1.3881700e-001  9.1974900e-001 -1.9556200e-001 -3.4031900e-001  2.6609600e-001
